0,1019.7
3600,1019
7200,1018
10800,1017
14400,1017
18000,1017
21600,1017
25200,1017
28800,1017.8
32400,1018
36000,1018.7
39600,1018.6
43200,1019.8
46800,1019
50400,1019
54000,1019
57600,1018.1
61200,1018
64800,1018
68400,1018.5
72000,1018.9
75600,1019.2
79200,1020
82800,1020
86400,1019.7
90000,1019
93600,1018
97200,1017
100800,1017
104400,1017
108000,1017
111600,1017
115200,1017.8
118800,1018
122400,1018.7
126000,1018.6
129600,1019.8
133200,1019
136800,1019
140400,1019
144000,1018.1
147600,1018
151200,1018
154800,1018.5
158400,1018.9
162000,1019.2
165600,1020
169200,1020
172800,1019.7
176400,1019
180000,1018
183600,1017
187200,1017
190800,1017
194400,1017
198000,1017
201600,1017.8
205200,1018
208800,1018.7
212400,1018.6
216000,1019.8
219600,1019
223200,1019
226800,1019
230400,1018.1
234000,1018
237600,1018
241200,1018.5
244800,1018.9
248400,1019.2
252000,1020
255600,1020
259200,1019.7
262800,1019
266400,1018
270000,1017
273600,1017
277200,1017
280800,1017
284400,1017
288000,1017.8
291600,1018
295200,1018.7
298800,1018.6
302400,1019.8
306000,1019
309600,1019
313200,1019
316800,1018.1
320400,1018
324000,1018
327600,1018.5
331200,1018.9
334800,1019.2
338400,1020
342000,1020
345600,1019.7
349200,1019
352800,1018
356400,1017
360000,1017
363600,1017
367200,1017
370800,1017
374400,1017.8
378000,1018
381600,1018.7
385200,1018.6
388800,1018.3
392400,1018
396000,1018
399600,1017.2
403200,1017
406800,1017
410400,1017
414000,1017
417600,1017.1
421200,1018
424800,1018.6
428400,1019
432000,1018
435600,1017.6
439200,1016.8
442800,1016
446400,1015.2
450000,1015.1
453600,1015.3
457200,1016
460800,1016.1
464400,1017
468000,1017.3
471600,1017.9
475200,1017.4
478800,1017.2
482400,1017
486000,1016.2
489600,1016
493200,1016
496800,1016
500400,1016
504000,1016.7
507600,1017
511200,1017.7
514800,1018
518400,1018
522000,1017
525600,1016.5
529200,1016
532800,1016
536400,1016
540000,1016
543600,1016.3
547200,1017.2
550800,1018
554400,1018
558000,1018
561600,1018
565200,1018
568800,1017
572400,1016.8
576000,1016
579600,1016
583200,1016
586800,1016.7
590400,1017
594000,1018
597600,1018
601200,1018
604800,1018
608400,1017.6
612000,1017
615600,1016.1
619200,1015.8
622800,1015.6
626400,1015.3
630000,1016
633600,1016
637200,1017
640800,1017.3
644400,1017.4
648000,1017.1
651600,1017
655200,1017
658800,1016.1
662400,1015.5
666000,1015
669600,1015.4
673200,1016
676800,1016
680400,1016.6
684000,1017.3
687600,1017.4
691200,1017
694800,1016.3
698400,1015.6
702000,1015
705600,1015
709200,1015
712800,1015
716400,1015.5
720000,1016
723600,1016.8
727200,1017
730800,1017
734400,1016.9
738000,1016.9
741600,1016
745200,1016
748800,1015.3
752400,1015
756000,1015.2
759600,1016
763200,1016.4
766800,1017
770400,1017.1
774000,1017.7
777600,1017.2
781200,1016.9
784800,1016
788400,1016
792000,1015
795600,1014.9
799200,1015.2
802800,1015.5
806400,1016.5
810000,1016.6
813600,1016.8
817200,1017.8
820800,1017.4
824400,1017.8
828000,1017.4
831600,1017.1
835200,1016.2
838800,1017
842400,1016.7
846000,1016.7
849600,1017.8
853200,1018.9
856800,1019
860400,1019
864000,1019
867600,1018.3
871200,1017
874800,1016.1
878400,1016
882000,1016.3
885600,1017
889200,1017.4
892800,1018.5
896400,1019
9e+05,1019.5
903600,1020
907200,1019.5
910800,1019
914400,1019
918000,1018
921600,1018
925200,1018
928800,1018.1
932400,1019
936000,1019.9
939600,1020
943200,1020.5
946800,1020.6
950400,1020
954000,1019.6
957600,1018.9
961200,1018
964800,1018
968400,1018
972000,1018
975600,1018
979200,1018.9
982800,1019.4
986400,1020
990000,1019.7
993600,1019
997200,1019
1000800,1018.3
1004400,1018
1008000,1017
1011600,1017
1015200,1017
1018800,1017.1
1022400,1018
1026000,1018.5
1029600,1019
1033200,1019
1036800,1018.5
1040400,1017.6
1044000,1017
1047600,1016.1
1051200,1015.2
1054800,1015
1058400,1015
1062000,1015.1
1065600,1016
1069200,1016.1
1072800,1016.9
1076400,1017
1080000,1017
1083600,1016
1087200,1016
1090800,1015.3
1094400,1015
1098000,1015
1101600,1015
1105200,1015
1108800,1015.1
1112400,1016
1116000,1016
1119600,1016.3
1123200,1015.9
1126800,1015
1130400,1014.2
1134000,1013.5
1137600,1013
1141200,1013
1144800,1013
1148400,1013.2
1152000,1014
1155600,1015
1159200,1015
1162800,1015.1
1166400,1015.1
1170000,1015
1173600,1015
1177200,1015
1180800,1015
1184400,1015
1188000,1015
1191600,1015
1195200,1015.1
1198800,1016
1202400,1016.1
1206000,1016.5
1209600,1016
1213200,1015.5
1216800,1015
1220400,1014.2
1224000,1014
1227600,1014
1231200,1014
1234800,1014.1
1238400,1015
1242000,1015.8
1245600,1016.2
1249200,1016.5
1252800,1016
1256400,1016
1260000,1016
1263600,1015.1
1267200,1015
1270800,1015
1274400,1015
1278000,1015
1281600,1015.9
1285200,1016.5
1288800,1017.2
1292400,1017.8
1296000,1017.1
1299600,1016.9
1303200,1015.8
1306800,1015
1310400,1015
1314000,1014.6
1317600,1014.3
1321200,1015
1324800,1015.3
1328400,1016.4
1332000,1017
1335600,1017
1339200,1017
1342800,1017
1346400,1016.3
1350000,1016
1353600,1015.4
1357200,1015
1360800,1015
1364400,1015
1368000,1015.9
1371600,1016.2
1375200,1017
1378800,1017
1382400,1016.5
1386000,1015.7
1389600,1015
1393200,1014.1
1396800,1014
1400400,1014
1404000,1013.9
1407600,1014
1411200,1014.4
1414800,1015
1418400,1016
1422000,1016
1425600,1016
1429200,1015.9
1432800,1015
1436400,1014.9
1440000,1014.1
1443600,1014
1447200,1014
1450800,1014.9
1454400,1015
1458000,1015.9
1461600,1016.4
1465200,1016.5
1468800,1016.5
1472400,1016
1476000,1015.8
1479600,1015
1483200,1015
1486800,1015
1490400,1015
1494000,1015.6
1497600,1016
1501200,1016.9
1504800,1017.8
1508400,1018
1512000,1018
1515600,1017.2
1519200,1017
1522800,1016.2
1526400,1016.1
1530000,1016
1533600,1015.8
1537200,1016.2
1540800,1016.6
1544400,1017
1548000,1017.4
1551600,1018
1555200,1017.4
1558800,1017
1562400,1016.4
1566000,1016
1569600,1015.8
1573200,1015.6
1576800,1016
1580400,1016.4
1584000,1017
1587600,1017.8
1591200,1018.6
1594800,1018.8
1598400,1018.3
1602000,1018
1605600,1017.7
1609200,1017
1612800,1017
1616400,1017
1620000,1017.2
1623600,1017.3
1627200,1018.1
1630800,1018.4
1634400,1019.2
1638000,1019.9
1641600,1019
1645200,1018.5
1648800,1017.4
1652400,1017
1656000,1017
1659600,1017
1663200,1017
1666800,1016.7
1670400,1017.4
1674000,1018
1677600,1018.4
1681200,1018.5
1684800,1018.9
1688400,1018
1692000,1016.9
1695600,1016.9
1699200,1017
1702800,1016.5
1706400,1016.6
1710000,1017
1713600,1017
1717200,1017.6
1720800,1018.1
1724400,1018
1728000,1018
1731600,1017.5
1735200,1016.8
1738800,1016
1742400,1015.4
1746000,1015.5
1749600,1016
1753200,1016
1756800,1016.4
1760400,1017
1764000,1018
1767600,1018
1771200,1018
1774800,1018
1778400,1017
1782000,1017
1785600,1016.9
1789200,1016.9
1792800,1017
1796400,1017
1800000,1017
1803600,1018
1807200,1018
1810800,1018
1814400,1018
1818000,1017.6
1821600,1016.9
1825200,1016
1828800,1015.8
1832400,1016
1836000,1016.5
1839600,1017
1843200,1017.5
1846800,1018.6
1850400,1019
1854000,1019
1857600,1019
1861200,1018.6
1864800,1018
1868400,1017.7
1872000,1017
1875600,1017
1879200,1017
1882800,1017.8
1886400,1017.7
1890000,1018
1893600,1018.7
1897200,1018.9
1900800,1018.3
1904400,1018
1908000,1017.3
1911600,1016.9
1915200,1016
1918800,1016
1922400,1016.6
1926000,1017
1929600,1017
1933200,1017.8
1936800,1018.4
1940400,1019
1944000,1019
1947600,1018.9
1951200,1018
1954800,1017.8
1958400,1017
1962000,1017
1965600,1017
1969200,1017.7
1972800,1018
1976400,1018.7
1980000,1019.2
1983600,1020
1987200,1019.7
1990800,1019
1994400,1018.4
1998000,1018
2001600,1017.9
2005200,1017.8
2008800,1017.9
2012400,1018
2016000,1018
2019600,1018.9
2023200,1019.4
2026800,1020
