0,60.5
3600,60.9
7200,62.9
10800,61.6
14400,61.3
18000,62.4
21600,62.7
25200,63.3
28800,63.2
32400,62.1
36000,62.5
39600,63.8
43200,59.2
46800,58.6
50400,60.3
54000,60.2
57600,63
61200,63
64800,61.4
68400,62.8
72000,62.6
75600,60.4
79200,62
82800,61.1
86400,60.5
90000,60.9
93600,62.9
97200,61.6
100800,61.3
104400,62.4
108000,62.7
111600,63.3
115200,63.2
118800,62.1
122400,62.5
126000,63.8
129600,59.2
133200,58.6
136800,60.3
140400,60.2
144000,63
147600,63
151200,61.4
154800,62.8
158400,62.6
162000,60.4
165600,62
169200,61.1
172800,60.5
176400,60.9
180000,62.9
183600,61.6
187200,61.3
190800,62.4
194400,62.7
198000,63.3
201600,63.2
205200,62.1
208800,62.5
212400,63.8
216000,59.2
219600,58.6
223200,60.3
226800,60.2
230400,63
234000,63
237600,61.4
241200,62.8
244800,62.6
248400,60.4
252000,62
255600,61.1
259200,60.5
262800,60.9
266400,62.9
270000,61.6
273600,61.3
277200,62.4
280800,62.7
284400,63.3
288000,63.2
291600,62.1
295200,62.5
298800,63.8
302400,59.2
306000,58.6
309600,60.3
313200,60.2
316800,63
320400,63
324000,61.4
327600,62.8
331200,62.6
334800,60.4
338400,62
342000,61.1
345600,60.5
349200,60.9
352800,62.9
356400,61.6
360000,61.3
363600,62.4
367200,62.7
370800,63.3
374400,63.2
378000,62.1
381600,62.5
385200,63.8
388800,65.9
392400,65.2
396000,63.3
399600,63.5
403200,65.2
406800,64.8
410400,64.5
414000,65.9
417600,65.7
421200,65.6
424800,66.5
428400,67.6
432000,69.1
435600,70.3
439200,69.8
442800,70.6
446400,71.7
450000,71.8
453600,73.1
457200,73.5
460800,73
464400,72.8
468000,73.2
471600,76
475200,77.2
478800,80.2
482400,81.7
486000,80.8
489600,80.2
493200,79.7
496800,77.9
500400,78.8
504000,79.3
507600,78.6
511200,77.2
514800,75.2
518400,74.9
522000,74
525600,72.9
529200,69.6
532800,69.7
536400,69.7
540000,69.5
543600,69.3
547200,68
550800,66.1
554400,64.5
558000,67.1
561600,66.8
565200,67.1
568800,68.4
572400,69.1
576000,70.3
579600,72.4
583200,72.8
586800,72.9
590400,73.8
594000,72.9
597600,73.2
601200,73
604800,72.4
608400,72.7
612000,73.5
615600,73.4
619200,73.6
622800,73.6
626400,72.9
630000,73.9
633600,74.8
637200,75.8
640800,74.6
644400,74.9
648000,74.7
651600,73.5
655200,75.4
658800,75.4
662400,75.7
666000,75.6
669600,76.4
673200,76.5
676800,76.2
680400,75.7
684000,75.1
687600,75.4
691200,77.1
694800,77.6
698400,77.6
702000,77.6
705600,77.4
709200,77.2
712800,77.3
716400,77.3
720000,77.8
723600,77.8
727200,77.9
730800,78.5
734400,78.9
738000,78.5
741600,78.6
745200,80.1
748800,80.1
752400,80.1
756000,78.1
759600,77.3
763200,76.9
766800,76.6
770400,76.9
774000,77.4
777600,76.4
781200,76.4
784800,76.3
788400,75.2
792000,75.7
795600,74.2
799200,72.2
802800,70.9
806400,70.4
810000,71.5
813600,71.8
817200,72.9
820800,69.8
824400,72.3
828000,73.9
831600,75
835200,74.2
838800,73.7
842400,74.1
846000,74.5
849600,74
853200,74.1
856800,73
860400,73.6
864000,74.3
867600,72.3
871200,74
874800,75.8
878400,75.2
882000,75.5
885600,75.6
889200,75.4
892800,75
896400,74.1
9e+05,72.7
903600,72.8
907200,73.3
910800,72.6
914400,72.6
918000,74.1
921600,75.6
925200,74.9
928800,71.6
932400,71.2
936000,71.9
939600,71.9
943200,72.8
946800,72.4
950400,72.4
954000,74
957600,73.8
961200,74.4
964800,74.3
968400,75.5
972000,74.3
975600,74.7
979200,75
982800,75
986400,72.4
990000,72.1
993600,73
997200,75.3
1000800,75.4
1004400,74.9
1008000,74.4
1011600,73.6
1015200,73.8
1018800,72.7
1022400,74.3
1026000,74.4
1029600,72.6
1033200,73.6
1036800,74.8
1040400,73.8
1044000,73.7
1047600,73.1
1051200,73.4
1054800,74.4
1058400,75.1
1062000,73.4
1065600,73.1
1069200,74.9
1072800,76.2
1076400,77.1
1080000,77.1
1083600,76.5
1087200,75.6
1090800,74.9
1094400,74.1
1098000,74.6
1101600,74.7
1105200,73.8
1108800,71.4
1112400,70.2
1116000,69.9
1119600,72.6
1123200,71.8
1126800,73
1130400,74.1
1134000,73.8
1137600,73.9
1141200,75.3
1144800,75.8
1148400,74
1152000,74.5
1155600,76
1159200,75.4
1162800,72.7
1166400,71.8
1170000,71.7
1173600,74
1177200,72.4
1180800,70.9
1184400,69.9
1188000,71.6
1191600,71.2
1195200,71.3
1198800,72.8
1202400,72.6
1206000,72.9
1209600,72.7
1213200,73
1216800,73.9
1220400,75.5
1224000,75.1
1227600,75.3
1231200,75.6
1234800,75.9
1238400,76
1242000,76.2
1245600,76.3
1249200,76.3
1252800,76.6
1256400,76.8
1260000,77.3
1263600,77.5
1267200,77.6
1270800,77.7
1274400,77.6
1278000,77.9
1281600,78.1
1285200,78.1
1288800,78.1
1292400,78.4
1296000,78.2
1299600,78.6
1303200,78.9
1306800,79
1310400,79.5
1314000,79.5
1317600,79.5
1321200,80.4
1324800,80.7
1328400,81.2
1332000,81.1
1335600,81.2
1339200,81.8
1342800,81.9
1346400,81.5
1350000,81.9
1353600,82.2
1357200,82.6
1360800,82.8
1364400,83.2
1368000,82.9
1371600,82.7
1375200,81.9
1378800,80.5
1382400,79.7
1386000,79.9
1389600,80.1
1393200,81
1396800,81.8
1400400,81.4
1404000,81.8
1407600,82.6
1411200,82.5
1414800,82.6
1418400,82.3
1422000,82.5
1425600,82.7
1429200,83.4
1432800,84.3
1436400,84.5
1440000,84.5
1443600,84.8
1447200,84.6
1450800,84.4
1454400,83.9
1458000,83.9
1461600,82.9
1465200,82.7
1468800,83.1
1472400,83.8
1476000,84.3
1479600,84
1483200,83.4
1486800,83.5
1490400,83.2
1494000,83.1
1497600,83.3
1501200,83.7
1504800,83.4
1508400,83.6
1512000,84.2
1515600,84.6
1519200,84.6
1522800,84.2
1526400,84.8
1530000,84.4
1533600,84.7
1537200,85.1
1540800,85.6
1544400,85
1548000,84.5
1551600,84.7
1555200,85
1558800,84.9
1562400,84.9
1566000,85.2
1569600,85.7
1573200,86.1
1576800,85.9
1580400,85.9
1584000,86
1587600,86.2
1591200,85.7
1594800,85.2
1598400,85.7
1602000,85.7
1605600,85.8
1609200,85.6
1612800,85.3
1616400,84.9
1620000,84.5
1623600,84.8
1627200,84.1
1630800,84.1
1634400,83.8
1638000,83.1
1641600,82.3
1645200,82.5
1648800,82.4
1652400,82.1
1656000,81.9
1659600,82.2
1663200,82.6
1666800,82.6
1670400,83.1
1674000,82.7
1677600,82.6
1681200,80.7
1684800,80.4
1688400,81.2
1692000,81.2
1695600,81.5
1699200,82.1
1702800,81.8
1706400,82
1710000,81.4
1713600,79
1717200,78.6
1720800,79.2
1724400,79.5
1728000,78.7
1731600,78
1735200,76.9
1738800,75.2
1742400,75.5
1746000,75.5
1749600,77
1753200,77.6
1756800,77.2
1760400,77.1
1764000,77.1
1767600,77.8
1771200,78.2
1774800,78.3
1778400,78.2
1782000,77.7
1785600,78.1
1789200,77.9
1792800,77.5
1796400,77.4
1800000,77.8
1803600,77.6
1807200,77.8
1810800,77.4
1814400,77.2
1818000,75.9
1821600,76.3
1825200,76.4
1828800,75.6
1832400,76
1836000,76.5
1839600,77.6
1843200,77.8
1846800,78.1
1850400,77.8
1854000,77.2
1857600,77.8
1861200,77.3
1864800,77.1
1868400,77.2
1872000,77.5
1875600,77.1
1879200,78.1
1882800,77.9
1886400,78.1
1890000,78
1893600,78.1
1897200,77.9
1900800,78.5
1904400,79.3
1908000,78.8
1911600,78.4
1915200,77.3
1918800,76.6
1922400,75.7
1926000,76.3
1929600,76.9
1933200,76.5
1936800,76
1940400,74.5
1944000,74.6
1947600,74.9
1951200,74.9
1954800,76.1
1958400,74.5
1962000,74.6
1965600,73.1
1969200,73.3
1972800,71.2
1976400,71.7
1980000,71.7
1983600,71.2
1987200,71.5
1990800,71.8
1994400,72.3
1998000,71.5
2001600,72.8
2005200,72.8
2008800,72.4
2012400,73.8
2016000,75
2019600,74.4
2023200,74.3
2026800,75
