0,293.75
3600,293.85
7200,293.85
10800,293.85
14400,293.85
18000,293.95
21600,293.95
25200,293.85
28800,293.75
32400,293.85
36000,293.75
39600,293.75
43200,293.95
46800,293.85
50400,293.75
54000,293.55
57600,293.55
61200,293.45
64800,293.45
68400,293.45
72000,293.45
75600,293.65
79200,293.65
82800,293.75
86400,293.75
90000,293.85
93600,293.85
97200,293.85
100800,293.85
104400,293.95
108000,293.95
111600,293.85
115200,293.75
118800,293.85
122400,293.75
126000,293.75
129600,293.95
133200,293.85
136800,293.75
140400,293.55
144000,293.55
147600,293.45
151200,293.45
154800,293.45
158400,293.45
162000,293.65
165600,293.65
169200,293.75
172800,293.75
176400,293.85
180000,293.85
183600,293.85
187200,293.85
190800,293.95
194400,293.95
198000,293.85
201600,293.75
205200,293.85
208800,293.75
212400,293.75
216000,293.95
219600,293.85
223200,293.75
226800,293.55
230400,293.55
234000,293.45
237600,293.45
241200,293.45
244800,293.45
248400,293.65
252000,293.65
255600,293.75
259200,293.75
262800,293.85
266400,293.85
270000,293.85
273600,293.85
277200,293.95
280800,293.95
284400,293.85
288000,293.75
291600,293.85
295200,293.75
298800,293.75
302400,293.95
306000,293.85
309600,293.75
313200,293.55
316800,293.55
320400,293.45
324000,293.45
327600,293.45
331200,293.45
334800,293.65
338400,293.65
342000,293.75
345600,293.75
349200,293.85
352800,293.85
356400,293.85
360000,293.85
363600,293.95
367200,293.95
370800,293.85
374400,293.75
378000,293.85
381600,293.75
385200,293.75
388800,293.75
392400,293.65
396000,293.65
399600,293.45
403200,293.35
406800,293.25
410400,293.25
414000,293.25
417600,293.25
421200,293.35
424800,293.55
428400,293.85
432000,293.95
435600,293.95
439200,293.95
442800,294.05
446400,293.95
450000,293.95
453600,294.05
457200,293.95
460800,293.95
464400,294.15
468000,294.15
471600,294.05
475200,294.05
478800,293.65
482400,293.45
486000,293.25
489600,293.05
493200,293.05
496800,292.85
500400,292.65
504000,292.65
507600,292.75
511200,293.15
514800,293.35
518400,293.25
522000,293.25
525600,293.45
529200,293.55
532800,293.65
536400,293.85
540000,293.85
543600,293.85
547200,293.85
550800,293.95
554400,294.05
558000,293.95
561600,293.85
565200,293.75
568800,293.65
572400,293.55
576000,293.45
579600,293.45
583200,293.35
586800,293.35
590400,293.35
594000,293.45
597600,293.55
601200,293.75
604800,293.85
608400,293.95
612000,294.05
615600,294.15
619200,294.25
622800,294.25
626400,294.25
630000,294.15
633600,294.15
637200,294.15
640800,294.15
644400,294.05
648000,294.05
651600,294.05
655200,293.95
658800,293.95
662400,293.85
666000,293.75
669600,293.85
673200,293.75
676800,293.75
680400,293.85
684000,293.95
687600,294.05
691200,294.25
694800,294.35
698400,294.15
702000,294.25
705600,294.25
709200,294.15
712800,294.25
716400,294.25
720000,294.25
723600,294.25
727200,294.35
730800,294.25
734400,294.15
738000,294.05
741600,294.15
745200,294.05
748800,294.05
752400,293.95
756000,293.95
759600,294.05
763200,294.05
766800,294.05
770400,294.15
774000,294.15
777600,294.25
781200,294.25
784800,294.25
788400,294.25
792000,294.15
795600,294.05
799200,294.15
802800,294.25
806400,294.35
810000,294.35
813600,294.35
817200,294.35
820800,294.25
824400,294.35
828000,294.35
831600,294.15
835200,294.15
838800,294.15
842400,294.15
846000,294.25
849600,294.25
853200,294.35
856800,294.35
860400,294.45
864000,294.45
867600,294.45
871200,294.45
874800,294.35
878400,294.35
882000,294.35
885600,294.35
889200,294.45
892800,294.45
896400,294.45
9e+05,294.45
903600,294.35
907200,294.35
910800,294.25
914400,294.15
918000,294.05
921600,293.95
925200,293.95
928800,293.95
932400,293.85
936000,293.85
939600,294.05
943200,294.05
946800,294.15
950400,294.25
954000,294.35
957600,294.35
961200,294.45
964800,294.45
968400,294.55
972000,294.35
975600,294.45
979200,294.45
982800,294.45
986400,294.45
990000,294.35
993600,294.35
997200,294.45
1000800,293.95
1004400,294.05
1008000,293.95
1011600,293.95
1015200,293.95
1018800,294.05
1022400,294.15
1026000,294.15
1029600,294.25
1033200,294.35
1036800,294.35
1040400,294.35
1044000,294.45
1047600,294.45
1051200,294.45
1054800,294.45
1058400,294.35
1062000,294.35
1065600,294.35
1069200,294.35
1072800,294.25
1076400,294.25
1080000,294.25
1083600,294.15
1087200,294.15
1090800,294.15
1094400,294.05
1098000,294.05
1101600,293.85
1105200,293.95
1108800,294.15
1112400,294.15
1116000,294.15
1119600,294.15
1123200,294.25
1126800,294.25
1130400,294.15
1134000,294.25
1137600,294.15
1141200,294.15
1144800,294.05
1148400,293.95
1152000,293.95
1155600,294.05
1159200,293.85
1162800,293.75
1166400,293.75
1170000,293.65
1173600,293.65
1177200,293.55
1180800,293.55
1184400,293.55
1188000,293.45
1191600,293.35
1195200,293.45
1198800,293.65
1202400,293.75
1206000,293.75
1209600,293.85
1213200,293.75
1216800,293.85
1220400,293.85
1224000,293.75
1227600,293.75
1231200,293.65
1234800,293.55
1238400,293.55
1242000,293.65
1245600,293.65
1249200,293.65
1252800,293.65
1256400,293.65
1260000,293.55
1263600,293.55
1267200,293.45
1270800,293.45
1274400,293.35
1278000,293.45
1281600,293.55
1285200,293.65
1288800,293.65
1292400,293.85
1296000,293.85
1299600,293.95
1303200,293.85
1306800,293.95
1310400,293.95
1314000,293.95
1317600,293.95
1321200,293.95
1324800,293.95
1328400,293.95
1332000,293.95
1335600,293.85
1339200,293.85
1342800,293.85
1346400,293.75
1350000,293.75
1353600,293.75
1357200,293.65
1360800,293.65
1364400,293.65
1368000,293.75
1371600,293.85
1375200,293.95
1378800,294.05
1382400,294.15
1386000,294.15
1389600,294.25
1393200,294.15
1396800,294.15
1400400,294.15
1404000,294.05
1407600,294.05
1411200,294.05
1414800,294.05
1418400,294.05
1422000,294.05
1425600,293.95
1429200,293.85
1432800,293.85
1436400,293.75
1440000,293.75
1443600,293.75
1447200,293.75
1450800,293.75
1454400,293.85
1458000,293.85
1461600,293.95
1465200,294.15
1468800,294.15
1472400,294.15
1476000,294.05
1479600,294.05
1483200,294.15
1486800,294.05
1490400,294.05
1494000,294.15
1497600,294.25
1501200,294.15
1504800,294.25
1508400,294.25
1512000,294.15
1515600,294.15
1519200,294.15
1522800,294.05
1526400,294.05
1530000,294.05
1533600,294.05
1537200,294.05
1540800,294.05
1544400,294.15
1548000,294.25
1551600,294.45
1555200,294.45
1558800,294.45
1562400,294.55
1566000,294.45
1569600,294.45
1573200,294.35
1576800,294.25
1580400,294.35
1584000,294.35
1587600,294.25
1591200,294.15
1594800,294.15
1598400,294.15
1602000,294.15
1605600,294.15
1609200,294.15
1612800,293.95
1616400,293.95
1620000,293.95
1623600,293.95
1627200,293.95
1630800,294.05
1634400,294.05
1638000,294.15
1641600,294.15
1645200,294.15
1648800,294.15
1652400,294.05
1656000,294.05
1659600,294.05
1663200,294.05
1666800,293.95
1670400,293.95
1674000,294.05
1677600,294.05
1681200,294.05
1684800,294.05
1688400,293.95
1692000,293.85
1695600,293.85
1699200,293.75
1702800,293.75
1706400,293.75
1710000,293.65
1713600,293.75
1717200,293.85
1720800,293.95
1724400,294.05
1728000,293.95
1731600,293.95
1735200,293.95
1738800,293.95
1742400,293.95
1746000,293.95
1749600,293.95
1753200,293.85
1756800,293.85
1760400,293.85
1764000,293.95
1767600,293.95
1771200,293.85
1774800,293.75
1778400,293.65
1782000,293.65
1785600,293.55
1789200,293.45
1792800,293.45
1796400,293.45
1800000,293.55
1803600,293.55
1807200,293.75
1810800,293.85
1814400,293.85
1818000,293.65
1821600,293.85
1825200,293.75
1828800,293.75
1832400,293.75
1836000,293.75
1839600,293.85
1843200,293.75
1846800,293.75
1850400,293.65
1854000,293.65
1857600,293.55
1861200,293.45
1864800,293.35
1868400,293.35
1872000,293.35
1875600,293.35
1879200,293.45
1882800,293.45
1886400,293.45
1890000,293.45
1893600,293.65
1897200,293.65
1900800,293.85
1904400,293.75
1908000,293.75
1911600,293.65
1915200,293.65
1918800,293.65
1922400,293.65
1926000,293.65
1929600,293.55
1933200,293.55
1936800,293.55
1940400,293.55
1944000,293.45
1947600,293.45
1951200,293.35
1954800,293.25
1958400,293.15
1962000,293.15
1965600,293.15
1969200,293.25
1972800,293.25
1976400,293.35
1980000,293.45
1983600,293.55
1987200,293.55
1990800,293.55
1994400,293.65
1998000,293.65
2001600,293.65
2005200,293.55
2008800,293.55
2012400,293.55
2016000,293.65
2019600,293.65
2023200,293.75
2026800,293.65
