0,960630000
3600,914136000
7200,1145868000
10800,1117824000
14400,1124958000
18000,1098144000
21600,1074528000
25200,1021884000
28800,1048698000
32400,972315000
36000,989904000
39600,959646000
43200,980310000
46800,932094000
50400,985968000
54000,990642000
57600,961122000
61200,1005894000
64800,1028772000
68400,1055832000
72000,1104540000
75600,1054848000
79200,1095192000
82800,979326000
86400,960630000
90000,914136000
93600,1145868000
97200,1117824000
100800,1124958000
104400,1098144000
108000,1074528000
111600,1021884000
115200,1048698000
118800,972315000
122400,989904000
126000,959646000
129600,980310000
133200,932094000
136800,985968000
140400,990642000
144000,961122000
147600,1005894000
151200,1028772000
154800,1055832000
158400,1104540000
162000,1054848000
165600,1095192000
169200,979326000
172800,960630000
176400,914136000
180000,1145868000
183600,1117824000
187200,1124958000
190800,1098144000
194400,1074528000
198000,1021884000
201600,1048698000
205200,972315000
208800,989904000
212400,959646000
216000,980310000
219600,932094000
223200,985968000
226800,990642000
230400,961122000
234000,1005894000
237600,1028772000
241200,1055832000
244800,1104540000
248400,1054848000
252000,1095192000
255600,979326000
259200,960630000
262800,914136000
266400,1145868000
270000,1117824000
273600,1124958000
277200,1098144000
280800,1074528000
284400,1021884000
288000,1048698000
291600,972315000
295200,989904000
298800,959646000
302400,980310000
306000,932094000
309600,985968000
313200,990642000
316800,961122000
320400,1005894000
324000,1028772000
327600,1055832000
331200,1104540000
334800,1054848000
338400,1095192000
342000,979326000
345600,960630000
349200,914136000
352800,1145868000
356400,1117824000
360000,1124958000
363600,1098144000
367200,1074528000
370800,1021884000
374400,1048698000
378000,972315000
381600,989904000
385200,959646000
388800,980310000
392400,932094000
396000,985968000
399600,990642000
403200,961122000
406800,1005894000
410400,1028772000
414000,1055832000
417600,1104540000
421200,1054848000
424800,1095192000
428400,979326000
432000,960630000
435600,914136000
439200,893718000
442800,933570000
446400,863460000
450000,854604000
453600,894210000
457200,859770000
460800,836154000
464400,846978000
468000,859524000
471600,922008000
475200,947592000
478800,917334000
482400,897900000
486000,966534000
489600,957555000
493200,987444000
496800,984246000
500400,1017456000
504000,986952000
507600,996546000
511200,936276000
514800,1019178000
518400,938490000
522000,1029756000
525600,884493000
529200,808602000
532800,806388000
536400,834924000
540000,784986000
543600,740337000
547200,772932000
550800,766536000
554400,818688000
558000,769980000
561600,739476000
565200,685602000
568800,710940000
572400,714384000
576000,693720000
579600,682527000
583200,632712000
586800,655590000
590400,607866000
594000,697410000
597600,630498000
601200,625428642.857143
604800,657312000
608400,597042000
612000,623856000
615600,589416000
619200,599256000
622800,517830000
626400,570966000
630000,557928000
633600,563094000
637200,604422000
640800,520290000
644400,602946000
648000,567522000
651600,569490000
655200,631974000
658800,557682000
662400,625824000
666000,583020000
669600,597534000
673200,655590000
676800,607866000
680400,697410000
684000,630498000
687600,610958571.428571
691200,657312000
694800,597042000
698400,623856000
702000,589416000
705600,599256000
709200,517830000
712800,570966000
716400,557928000
720000,563094000
723600,604422000
727200,520290000
730800,602946000
734400,567522000
738000,569490000
741600,631974000
745200,557682000
748800,625824000
752400,583020000
756000,597534000
759600,592460250
763200,591906750
766800,590000250
770400,579883500
774000,572242125
777600,559327125
781200,549794625
784800,606636000
788400,563094000
792000,554238000
795600,551040000
799200,496551000
802800,522504000
806400,506760000
810000,495198000
813600,540708000
817200,513402000
820800,461742000
824400,514632000
828000,510696000
831600,568506000
835200,527178000
838800,568752000
842400,562110000
846000,567768000
849600,613278000
853200,663216000
856800,652392000
860400,630990000
864000,580966846.153846
867600,576198230.769231
871200,606636000
874800,563094000
878400,554238000
882000,551040000
885600,496551000
889200,522504000
892800,506760000
896400,495198000
9e+05,540708000
903600,513402000
907200,461742000
910800,514632000
914400,510696000
918000,568506000
921600,527178000
925200,568752000
928800,562110000
932400,567768000
936000,613278000
939600,663216000
943200,652392000
946800,630990000
950400,633204000
954000,735786000
957600,652023000
961200,620412000
964800,628776000
968400,653745000
972000,683695500
975600,696180000
979200,615984000
982800,658665000
986400,687447000
990000,690952500
993600,699747000
997200,707496000
1000800,739476000
1004400,767397000
1008000,759648000
1011600,715368000
1015200,727176000
1018800,782526000
1022400,746241000
1026000,712908000
1029600,676008000
1033200,691014000
1036800,633204000
1040400,735786000
1044000,697410000
1047600,677730000
1051200,703314000
1054800,756450000
1058400,870840000
1062000,869856000
1065600,725208000
1069200,822132000
1072800,834186000
1076400,868503000
1080000,937752000
1083600,1025328000
1087200,885846000
1090800,890028000
1094400,930741000
1098000,1022622000
1101600,1109460000
1105200,969240000
1108800,995808000
1112400,1031109000
1116000,993594000
1119600,996546000
1123200,965304000
1126800,1000974000
1130400,1048944000
1134000,929388000
1137600,973422000
1141200,780558000
1144800,875514000
1148400,838614000
1152000,943902000
1155600,1017948000
1159200,1019916000
1162800,932094000
1166400,991380000
1170000,1183260000
1173600,1103064000
1177200,1132584000
1180800,1189164000
1184400,1174281000
1188000,1207614000
1191600,1229016000
1195200,1175142000
1198800,1136766000
1202400,1057185000
1206000,1026312000
1209600,1067394000
1213200,1057554000
1216800,1098144000
1220400,1013643000
1224000,1019178000
1227600,1076496000
1231200,1109706000
1234800,1108968000
1238400,1106754000
1242000,1206384000
1245600,1099374000
1249200,1062720000
1252800,1035414000
1256400,1061121000
1260000,1136028000
1263600,1107984000
1267200,1088058000
1270800,1127172000
1274400,1203678000
1278000,1176249000
1281600,1118070000
1285200,1161858000
1288800,1226310000
1292400,1232214000
1296000,1100604000
1299600,1104294000
1303200,1160136000
1306800,1099866000
1310400,1033692000
1314000,1071330000
1317600,1157430000
1321200,1124958000
1324800,1233444000
1328400,1205154000
1332000,1135290000
1335600,1168254000
1339200,1036152000
1342800,1151034000
1346400,1201218000
1350000,1177971000
1353600,1091994000
1357200,1134798000
1360800,1106016000
1364400,1199004000
1368000,1138857000
1371600,1134306000
1375200,1135782000
1378800,1201218000
1382400,1086090000
1386000,1164318000
1389600,1105278000
1393200,1085106000
1396800,1134552000
1400400,1092978000
1404000,1109583000
1407600,1115610000
1411200,1143162000
1414800,1102080000
1418400,1222620000
1422000,1152018000
1425600,1184982000
1429200,1113396000
1432800,1043286000
1436400,1097652000
1440000,1080186000
1443600,1143654000
1447200,1133814000
1450800,1088304000
1454400,1118562000
1458000,1136520000
1461600,1165056000
1465200,1149804000
1468800,1107246000
1472400,1177356000
1476000,1155462000
1479600,1061613000
1483200,937998000
1486800,1014258000
1490400,936522000
1494000,990642000
1497600,991134000
1501200,1038858000
1504800,1020654000
1508400,936768000
1512000,1026066000
1515600,951528000
1519200,1019916000
1522800,1032954000
1526400,887814000
1530000,996792000
1533600,1008354000
1537200,987690000
1540800,1014750000
1544400,1037874000
1548000,1048698000
1551600,964074000
1555200,959769000
1558800,915366000
1562400,863706000
1566000,957678000
1569600,864690000
1573200,880188000
1576800,893964000
1580400,804666000
1584000,938244000
1587600,890520000
1591200,922254000
1594800,898392000
1598400,825576000
1602000,837138000
1605600,914874000
1609200,888921000
1612800,976620000
1616400,969486000
1620000,966534000
1623600,928896000
1627200,839967000
1630800,763584000
1634400,845748000
1638000,910446000
1641600,739476000
1645200,865920000
1648800,841812000
1652400,812784000
1656000,857064000
1659600,967272000
1663200,958047000
1666800,1007124000
1670400,957924000
1674000,1049436000
1677600,1002204000
1681200,969240000
1684800,957924000
1688400,991380000
1692000,935538000
1695600,968748000
1699200,975513000
1702800,960384000
1706400,982524000
1710000,1011552000
1713600,922746000
1717200,1015980000
1720800,1018686000
1724400,1008354000
1728000,959400000
1731600,991626000
1735200,895194000
1738800,839352000
1742400,861492000
1746000,927666000
1749600,890766000
1753200,920163000
1756800,917088000
1760400,951036000
1764000,906018000
1767600,941442000
1771200,932586000
1774800,953496000
1778400,923976000
1782000,858048000
1785600,854604000
1789200,896055000
1792800,917580000
1796400,934554000
1800000,945132000
1803600,927912000
1807200,927912000
1810800,937752000
1814400,902820000
1818000,924960000
1821600,895686000
1825200,864198000
1828800,820656000
1832400,816228000
1836000,814752000
1839600,782772000
1843200,742428000
1846800,775023000
1850400,850668000
1854000,845994000
1857600,793104000
1861200,835662000
1864800,829512000
1868400,826560000
1872000,733326000
1875600,814014000
1879200,796302000
1882800,710325000
1886400,742920000
1890000,726192000
1893600,713400000
1897200,766044000
1900800,671580000
1904400,679698000
1908000,666660000
1911600,643290000
1915200,701592000
1918800,647103000
1922400,595812000
1926000,595566000
1929600,588678000
1933200,600486000
1936800,597534000
1940400,626808000
1944000,582036000
1947600,603192000
1951200,665922000
1954800,547227000
1958400,628038000
1962000,573180000
1965600,586464000
1969200,635172000
1972800,632220000
1976400,631236000
1980000,616722000
1983600,584988000
1987200,593598000
1990800,608850000
1994400,594828000
1998000,634680000
2001600,611802000
2005200,593844000
2008800,581913000
2012400,627546000
2016000,625824000
2019600,576378000
2023200,615984000
2026800,602085000
