0,3919518000
3600,3463434000
7200,5226270000
10800,5413968000
14400,5190108000
18000,5194536000
21600,4786422000
25200,4716066000
28800,4744602000
32400,4047807000
36000,4076958000
39600,4156170000
43200,4125666000
46800,4182492000
50400,3917796000
54000,4129356000
57600,4123452000
61200,4099590000
64800,4171668000
68400,4332552000
72000,4515822000
75600,4324188000
79200,4401186000
82800,3947562000
86400,3919518000
90000,3463434000
93600,5226270000
97200,5413968000
100800,5190108000
104400,5194536000
108000,4786422000
111600,4716066000
115200,4744602000
118800,4047807000
122400,4076958000
126000,4156170000
129600,4125666000
133200,4182492000
136800,3917796000
140400,4129356000
144000,4123452000
147600,4099590000
151200,4171668000
154800,4332552000
158400,4515822000
162000,4324188000
165600,4401186000
169200,3947562000
172800,3919518000
176400,3463434000
180000,5226270000
183600,5413968000
187200,5190108000
190800,5194536000
194400,4786422000
198000,4716066000
201600,4744602000
205200,4047807000
208800,4076958000
212400,4156170000
216000,4125666000
219600,4182492000
223200,3917796000
226800,4129356000
230400,4123452000
234000,4099590000
237600,4171668000
241200,4332552000
244800,4515822000
248400,4324188000
252000,4401186000
255600,3947562000
259200,3919518000
262800,3463434000
266400,5226270000
270000,5413968000
273600,5190108000
277200,5194536000
280800,4786422000
284400,4716066000
288000,4744602000
291600,4047807000
295200,4076958000
298800,4156170000
302400,4125666000
306000,4182492000
309600,3917796000
313200,4129356000
316800,4123452000
320400,4099590000
324000,4171668000
327600,4332552000
331200,4515822000
334800,4324188000
338400,4401186000
342000,3947562000
345600,3919518000
349200,3463434000
352800,5226270000
356400,5413968000
360000,5190108000
363600,5194536000
367200,4786422000
370800,4716066000
374400,4744602000
378000,4047807000
381600,4076958000
385200,4156170000
388800,4125666000
392400,4182492000
396000,3917796000
399600,4129356000
403200,4123452000
406800,4099590000
410400,4171668000
414000,4332552000
417600,4515822000
421200,4324188000
424800,4401186000
428400,3947562000
432000,3919518000
435600,3463434000
439200,3462696000
442800,3447444000
446400,3497628000
450000,3453594000
453600,3447690000
457200,3356670000
460800,3259500000
464400,3325674000
468000,3463680000
471600,3615954000
475200,3532560000
478800,3576102000
482400,3574872000
486000,3555192000
489600,3826776000
493200,3887784000
496800,3922716000
500400,3927636000
504000,4005126000
507600,3952113000
511200,3636372000
514800,4005618000
518400,3808080000
522000,3913368000
525600,3638463000
529200,3246708000
532800,3498366000
536400,3520506000
540000,3063930000
543600,3013992000
547200,3171186000
550800,3292710000
554400,3343878000
558000,3147078000
561600,3098124000
565200,2900094000
568800,3016206000
572400,2965776000
576000,2873034000
579600,2734536000
583200,2835888000
586800,2713626000
590400,2737734000
594000,2826048000
597600,2710182000
601200,2619987857.14286
604800,2723712000
608400,2482386000
612000,2545608000
615600,2404404000
619200,2518302000
622800,2208342000
626400,2366028000
630000,2378328000
633600,2347086000
637200,2461230000
640800,2416950000
644400,2572422000
648000,2530602000
651600,2366397000
655200,2677218000
658800,2497146000
662400,2588658000
666000,2582262000
669600,2508954000
673200,2713626000
676800,2737734000
680400,2826048000
684000,2710182000
687600,2565446142.85714
691200,2723712000
694800,2482386000
698400,2545608000
702000,2404404000
705600,2518302000
709200,2208342000
712800,2366028000
716400,2378328000
720000,2347086000
723600,2461230000
727200,2416950000
730800,2572422000
734400,2530602000
738000,2366397000
741600,2677218000
745200,2497146000
748800,2588658000
752400,2582262000
756000,2508954000
759600,2534276625
763200,2531816625
766800,2531247750
770400,2484169500
774000,2457247875
777600,2415950625
781200,2386707375
784800,2522976000
788400,2510922000
792000,2361846000
795600,2300592000
799200,2281773000
802800,2258280000
806400,2348316000
810000,2239830000
813600,2331342000
817200,2264430000
820800,2087064000
824400,2331096000
828000,2383986000
831600,2286570000
835200,2374638000
838800,2448192000
842400,2443026000
846000,2376606000
849600,2605140000
853200,2711412000
856800,2683368000
860400,2592348000
864000,2468960076.92308
867600,2461277307.69231
871200,2522976000
874800,2510922000
878400,2361846000
882000,2300592000
885600,2281773000
889200,2258280000
892800,2348316000
896400,2239830000
9e+05,2331342000
903600,2264430000
907200,2087064000
910800,2331096000
914400,2383986000
918000,2286570000
921600,2374638000
925200,2448192000
928800,2443026000
932400,2376606000
936000,2605140000
939600,2711412000
943200,2683368000
946800,2592348000
950400,2745606000
954000,3171801000
957600,2753724000
961200,2748066000
964800,2722482000
968400,2754708000
972000,2921434500
975600,2854830000
979200,2715348000
982800,2847573000
986400,2861718000
990000,2877523500
993600,2955321000
997200,2827524000
1000800,3263928000
1004400,3149292000
1008000,3185946000
1011600,3214482000
1015200,3196032000
1018800,3040068000
1022400,3079305000
1026000,3122232000
1029600,2941914000
1033200,2987424000
1036800,2745606000
1040400,3171801000
1044000,2984472000
1047600,2985210000
1051200,3083118000
1054800,3208824000
1058400,3561096000
1062000,3451380000
1065600,3082380000
1069200,3455316000
1072800,3392094000
1076400,3490617000
1080000,3823578000
1083600,4001682000
1087200,3599226000
1090800,3529608000
1094400,3771549000
1098000,3912876000
1101600,4175850000
1105200,3969948000
1108800,3985938000
1112400,3945717000
1116000,3909186000
1119600,3826776000
1123200,3829236000
1126800,4078434000
1130400,4125789000
1134000,3791352000
1137600,3886308000
1141200,3386190000
1144800,3620628000
1148400,3460728000
1152000,3770196000
1155600,4069332000
1159200,4139688000
1162800,3891720000
1166400,4128618000
1170000,4674492000
1173600,4324680000
1177200,4699338000
1180800,4786668000
1184400,4662807000
1188000,4960836000
1191600,4949520000
1195200,4539192000
1198800,4616436000
1202400,4130340000
1206000,4112628000
1209600,4344606000
1213200,4180524000
1216800,4062444000
1220400,4054941000
1224000,3791106000
1227600,4169208000
1231200,4311396000
1234800,4243500000
1238400,4364532000
1242000,4860222000
1245600,4084830000
1249200,4172406000
1252800,4175112000
1256400,4142271000
1260000,4315086000
1263600,4254816000
1267200,4214472000
1270800,4289010000
1274400,4710654000
1278000,4563546000
1281600,4409550000
1285200,4374372000
1288800,4708194000
1292400,4707948000
1296000,4259982000
1299600,4343130000
1303200,4510656000
1306800,4151496000
1310400,4091226000
1314000,4146453000
1317600,4541406000
1321200,4464162000
1324800,4557888000
1328400,4315824000
1332000,4274373000
1335600,4321974000
1339200,4197006000
1342800,4506720000
1346400,4692450000
1350000,4538577000
1353600,4336734000
1357200,4464408000
1360800,4277448000
1364400,4542144000
1368000,4300572000
1371600,4490484000
1375200,4442760000
1378800,4477692000
1382400,4070316000
1386000,4350264000
1389600,4309182000
1393200,3987168000
1396800,4307952000
1400400,4169946000
1404000,4282860000
1407600,4215948000
1411200,4750014000
1414800,4151004000
1418400,4260720000
1422000,4132800000
1425600,4289256000
1429200,4197498000
1432800,3826776000
1436400,3928374000
1440000,4142517000
1443600,4516314000
1447200,4328370000
1450800,4282860000
1454400,4179048000
1458000,4301064000
1461600,4271052000
1465200,4268100000
1468800,4368714000
1472400,4478184000
1476000,4274496000
1479600,3953466000
1483200,3638094000
1486800,3967488000
1490400,3854082000
1494000,3852114000
1497600,3846579000
1501200,3955680000
1504800,3793566000
1508400,3526164000
1512000,3706236000
1515600,3694674000
1519200,3956418000
1522800,3821118000
1526400,3418416000
1530000,3716814000
1533600,3888891000
1537200,3748794000
1540800,3912138000
1544400,3957156000
1548000,3923454000
1551600,3595536000
1555200,3754329000
1558800,3558636000
1562400,3503040000
1566000,3437112000
1569600,3634896000
1573200,3638217000
1576800,3778314000
1580400,3483114000
1584000,3701808000
1587600,3690984000
1591200,3611772000
1594800,3741906000
1598400,3536004000
1602000,3655068000
1605600,3918288000
1609200,3836493000
1612800,3926898000
1616400,3852606000
1620000,4096146000
1623600,3764784000
1627200,3664416000
1630800,3352980000
1634400,3533052000
1638000,3795288000
1641600,3151260000
1645200,3540924000
1648800,3507960000
1652400,3429240000
1656000,3659250000
1659600,4005126000
1663200,3937968000
1666800,3931080000
1670400,3760848000
1674000,4090734000
1677600,3864660000
1681200,3809064000
1684800,3836862000
1688400,4055556000
1692000,3795534000
1695600,3992580000
1699200,3845964000
1702800,3739692000
1706400,3808326000
1710000,3994302000
1713600,3743628000
1717200,3886677000
1720800,3970440000
1724400,4202418000
1728000,3896394000
1731600,3814722000
1735200,3728499000
1738800,3626286000
1742400,3630222000
1746000,3705990000
1749600,3717552000
1753200,3898362000
1756800,3702300000
1760400,3814722000
1764000,3622350000
1767600,3981756000
1771200,3864783000
1774800,4014474000
1778400,3840306000
1782000,3645966000
1785600,3601932000
1789200,3808449000
1792800,3774378000
1796400,3994056000
1800000,4015704000
1803600,3983970000
1807200,3992826000
1810800,3870564000
1814400,3919764000
1818000,3975852000
1821600,3793074000
1825200,3691476000
1828800,3514110000
1832400,3364296000
1836000,3588648000
1839600,3344124000
1843200,3401442000
1846800,3212145000
1850400,3684588000
1854000,3635142000
1857600,3435390000
1861200,3682866000
1864800,3815337000
1868400,3743136000
1872000,3293202000
1875600,3519768000
1879200,3218172000
1882800,3122478000
1886400,3206364000
1890000,3282378000
1893600,3182502000
1897200,3414480000
1900800,3001077000
1904400,2932566000
1908000,2892468000
1911600,2974878000
1915200,2922480000
1918800,2868606000
1922400,2881890000
1926000,2843022000
1929600,2651880000
1933200,2590872000
1936800,2820390000
1940400,2758152000
1944000,2545362000
1947600,2743884000
1951200,2962578000
1954800,2597022000
1958400,2808336000
1962000,2705016000
1965600,2746098000
1969200,2798004000
1972800,2858274000
1976400,2749050000
1980000,2731830000
1983600,2893452000
1987200,2649420000
1990800,2798988000
1994400,2748312000
1998000,2877462000
2001600,2830230000
2005200,2736504000
2008800,2662827000
2012400,2772666000
2016000,2457048000
2019600,2536752000
2023200,2506740000
2026800,2606493000
