0,275766000
3600,329394000
7200,305040000
10800,398766000
14400,361989000
18000,269862000
21600,316356000
25200,248706000
28800,301596000
32400,280932000
36000,232470000
39600,230010000
43200,313404000
46800,196308000
50400,314880000
54000,315372000
57600,295200000
61200,257070000
64800,269862000
68400,308730000
72000,381054000
75600,361620000
79200,360390000
82800,430500000
86400,275766000
90000,329394000
93600,305040000
97200,398766000
100800,361989000
104400,269862000
108000,316356000
111600,248706000
115200,301596000
118800,280932000
122400,232470000
126000,230010000
129600,313404000
133200,196308000
136800,314880000
140400,315372000
144000,295200000
147600,257070000
151200,269862000
154800,308730000
158400,381054000
162000,361620000
165600,360390000
169200,430500000
172800,275766000
176400,329394000
180000,305040000
183600,398766000
187200,361989000
190800,269862000
194400,316356000
198000,248706000
201600,301596000
205200,280932000
208800,232470000
212400,230010000
216000,313404000
219600,196308000
223200,314880000
226800,315372000
230400,295200000
234000,257070000
237600,269862000
241200,308730000
244800,381054000
248400,361620000
252000,360390000
255600,430500000
259200,275766000
262800,329394000
266400,305040000
270000,398766000
273600,361989000
277200,269862000
280800,316356000
284400,248706000
288000,301596000
291600,280932000
295200,232470000
298800,230010000
302400,313404000
306000,196308000
309600,314880000
313200,315372000
316800,295200000
320400,257070000
324000,269862000
327600,308730000
331200,381054000
334800,361620000
338400,360390000
342000,430500000
345600,275766000
349200,329394000
352800,305040000
356400,398766000
360000,361989000
363600,269862000
367200,316356000
370800,248706000
374400,301596000
378000,280932000
381600,232470000
385200,230010000
388800,313404000
392400,196308000
396000,314880000
399600,315372000
403200,295200000
406800,257070000
410400,269862000
414000,308730000
417600,381054000
421200,361620000
424800,360390000
428400,430500000
432000,275766000
435600,329394000
439200,220170000
442800,401472000
446400,299382000
450000,325827000
453600,386466000
457200,463956000
460800,319800000
464400,350796000
468000,366786000
471600,448704000
475200,389418000
478800,314880000
482400,564816000
486000,448950000
489600,402333000
493200,349812000
496800,292002000
500400,325458000
504000,403440000
507600,376626000
511200,500364000
514800,507744000
518400,294708000
522000,264942000
525600,284991000
529200,294216000
532800,322260000
536400,348090000
540000,259530000
543600,263589000
547200,153750000
550800,304302000
554400,225336000
558000,262728000
561600,277365000
565200,107502000
568800,189174000
572400,259776000
576000,183024000
579600,229026000
583200,179088000
586800,204918000
590400,242556000
594000,231732000
597600,208362000
601200,230967642.857143
604800,227304000
608400,209100000
612000,291018000
615600,228903000
619200,222876000
622800,304056000
626400,271584000
630000,293478000
633600,255225000
637200,225582000
640800,268632000
644400,285606000
648000,178104000
651600,180933000
655200,327426000
658800,212790000
662400,215004000
666000,123492000
669600,240588000
673200,204918000
676800,242556000
680400,231732000
684000,208362000
687600,230106642.857143
691200,227304000
694800,209100000
698400,291018000
702000,228903000
705600,222876000
709200,304056000
712800,271584000
716400,293478000
720000,255225000
723600,225582000
727200,268632000
730800,285606000
734400,178104000
738000,180933000
741600,327426000
745200,212790000
748800,215004000
752400,123492000
756000,240588000
759600,214588875
763200,221968875
766800,232931250
770400,223429500
774000,229318125
777600,225874125
781200,255578625
784800,238374000
788400,237144000
792000,268632000
795600,251412000
799200,259899000
802800,187452000
806400,361128000
810000,312174000
813600,253380000
817200,292125000
820800,229272000
824400,297660000
828000,276258000
831600,320538000
835200,337758000
838800,299628000
842400,302334000
846000,295200000
849600,268878000
853200,329148000
856800,459282000
860400,283638000
864000,283155461.538462
867600,287886230.769231
871200,238374000
874800,237144000
878400,268632000
882000,251412000
885600,259899000
889200,187452000
892800,361128000
896400,312174000
9e+05,253380000
903600,292125000
907200,229272000
910800,297660000
914400,276258000
918000,320538000
921600,337758000
925200,299628000
928800,302334000
932400,295200000
936000,268878000
939600,329148000
943200,459282000
946800,283638000
950400,425580000
954000,299997000
957600,296061000
961200,273921000
964800,281055000
968400,252150000
972000,332653500
975600,270600000
979200,321153000
982800,336036000
986400,303933000
990000,330501000
993600,320907000
997200,287082000
1000800,397044000
1004400,346860000
1008000,370230000
1011600,423120000
1015200,359898000
1018800,416970000
1022400,333084000
1026000,323490000
1029600,414264000
1033200,417462000
1036800,425580000
1040400,299997000
1044000,353748000
1047600,310698000
1051200,293478000
1054800,252888000
1058400,405408000
1062000,353748000
1065600,281178000
1069200,359898000
1072800,354486000
1076400,368877000
1080000,412542000
1083600,339234000
1087200,274044000
1090800,282654000
1094400,351042000
1098000,513894000
1101600,428286000
1105200,385728000
1108800,383514000
1112400,422505000
1116000,404916000
1119600,454854000
1123200,365556000
1126800,321768000
1130400,489909000
1134000,340218000
1137600,322998000
1141200,346122000
1144800,447966000
1148400,462726000
1152000,380562000
1155600,455100000
1159200,350796000
1162800,401718000
1166400,401718000
1170000,422382000
1173600,420414000
1177200,363834000
1180800,306762000
1184400,404670000
1188000,448704000
1191600,440094000
1195200,414264000
1198800,475764000
1202400,419184000
1206000,332100000
1209600,404670000
1213200,424104000
1216800,414756000
1220400,348951000
1224000,292248000
1227600,345876000
1231200,372198000
1234800,385974000
1238400,386220000
1242000,373674000
1245600,358914000
1249200,337512000
1252800,409344000
1256400,392862000
1260000,417216000
1263600,395814000
1267200,314142000
1270800,375150000
1274400,468630000
1278000,453993000
1281600,375888000
1285200,494214000
1288800,436158000
1292400,406146000
1296000,385359000
1299600,346122000
1303200,437388000
1306800,272814000
1310400,317340000
1314000,307992000
1317600,445014000
1321200,402702000
1324800,349566000
1328400,465432000
1332000,400611000
1335600,562602000
1339200,359406000
1342800,363588000
1346400,446982000
1350000,403563000
1353600,467400000
1357200,455838000
1360800,430254000
1364400,447474000
1368000,506883000
1371600,417708000
1375200,422874000
1378800,459282000
1382400,336282000
1386000,443292000
1389600,282654000
1393200,234438000
1396800,371706000
1400400,354486000
1404000,339603000
1407600,338742000
1411200,431730000
1414800,316848000
1418400,424596000
1422000,462111000
1425600,376134000
1429200,312912000
1432800,385482000
1436400,461988000
1440000,373428000
1443600,396552000
1447200,496182000
1450800,478962000
1454400,353748000
1458000,438372000
1461600,431484000
1465200,310698000
1468800,402948000
1472400,394338000
1476000,451656000
1479600,330501000
1483200,292740000
1486800,416724000
1490400,369738000
1494000,373182000
1497600,361989000
1501200,316356000
1504800,338742000
1508400,273552000
1512000,475026000
1515600,363096000
1519200,336036000
1522800,440832000
1526400,433452000
1530000,467892000
1533600,409221000
1537200,502578000
1540800,459774000
1544400,470844000
1548000,473550000
1551600,428532000
1555200,381300000
1558800,351534000
1562400,386466000
1566000,382530000
1569600,330132000
1573200,366663000
1576800,283638000
1580400,313896000
1584000,352518000
1587600,339480000
1591200,345753000
1594800,350550000
1598400,284622000
1602000,361128000
1605600,402702000
1609200,365679000
1612800,409098000
1616400,302580000
1620000,334068000
1623600,405900000
1627200,351657000
1630800,308730000
1634400,402210000
1638000,331854000
1641600,352764000
1645200,337389000
1648800,373920000
1652400,229764000
1656000,234192000
1659600,215742000
1663200,293601000
1666800,330378000
1670400,348828000
1674000,290034000
1677600,344646000
1681200,325458000
1684800,360390000
1688400,381546000
1692000,328902000
1695600,379578000
1699200,338496000
1702800,338742000
1706400,334068000
1710000,384498000
1713600,305778000
1717200,305655000
1720800,393108000
1724400,298398000
1728000,295200000
1731600,330624000
1735200,305040000
1738800,228288000
1742400,218448000
1746000,362850000
1749600,306762000
1753200,260391000
1756800,250920000
1760400,337020000
1764000,279702000
1767600,352764000
1771200,325458000
1774800,383022000
1778400,315372000
1782000,269124000
1785600,269124000
1789200,303810000
1792800,316356000
1796400,225828000
1800000,267894000
1803600,221892000
1807200,278964000
1810800,341571000
1814400,356946000
1818000,287328000
1821600,336528000
1825200,246738000
1828800,291879000
1832400,276750000
1836000,209346000
1839600,293724000
1843200,177120000
1846800,265311000
1850400,273552000
1854000,291018000
1857600,294954000
1861200,285114000
1864800,250428000
1868400,301596000
1872000,266910000
1875600,322752000
1879200,205656000
1882800,292371000
1886400,293478000
1890000,212790000
1893600,322260000
1897200,287574000
1900800,284007000
1904400,201720000
1908000,226566000
1911600,231240000
1915200,146124000
1918800,274782000
1922400,208362000
1926000,342432000
1929600,194586000
1933200,264204000
1936800,296307000
1940400,228288000
1944000,276504000
1947600,319554000
1951200,194340000
1954800,211314000
1958400,229026000
1962000,255594000
1965600,240834000
1969200,242556000
1972800,284745000
1976400,307008000
1980000,249198000
1983600,202212000
1987200,175890000
1990800,234807000
1994400,295692000
1998000,223614000
2001600,315864000
2005200,255594000
2008800,209346000
2012400,248214000
2016000,375888000
2019600,238866000
2023200,358176000
2026800,237636000
