0,1149066000
3600,1300110000
7200,1155954000
10800,1215486000
14400,1217454000
18000,1204416000
21600,1209582000
25200,1174650000
28800,1297650000
32400,1154724000
36000,1187442000
39600,1145868000
43200,1084368000
46800,1296666000
50400,1122621000
54000,1259028000
57600,1294944000
61200,1188426000
64800,1241562000
68400,1198512000
72000,1172928000
75600,1175388000
79200,1155462000
82800,1098882000
86400,1149066000
90000,1300110000
93600,1155954000
97200,1215486000
100800,1217454000
104400,1204416000
108000,1209582000
111600,1174650000
115200,1297650000
118800,1154724000
122400,1187442000
126000,1145868000
129600,1084368000
133200,1296666000
136800,1122621000
140400,1259028000
144000,1294944000
147600,1188426000
151200,1241562000
154800,1198512000
158400,1172928000
162000,1175388000
165600,1155462000
169200,1098882000
172800,1149066000
176400,1300110000
180000,1155954000
183600,1215486000
187200,1217454000
190800,1204416000
194400,1209582000
198000,1174650000
201600,1297650000
205200,1154724000
208800,1187442000
212400,1145868000
216000,1084368000
219600,1296666000
223200,1122621000
226800,1259028000
230400,1294944000
234000,1188426000
237600,1241562000
241200,1198512000
244800,1172928000
248400,1175388000
252000,1155462000
255600,1098882000
259200,1149066000
262800,1300110000
266400,1155954000
270000,1215486000
273600,1217454000
277200,1204416000
280800,1209582000
284400,1174650000
288000,1297650000
291600,1154724000
295200,1187442000
298800,1145868000
302400,1084368000
306000,1296666000
309600,1122621000
313200,1259028000
316800,1294944000
320400,1188426000
324000,1241562000
327600,1198512000
331200,1172928000
334800,1175388000
338400,1155462000
342000,1098882000
345600,1149066000
349200,1300110000
352800,1155954000
356400,1215486000
360000,1217454000
363600,1204416000
367200,1209582000
370800,1174650000
374400,1297650000
378000,1154724000
381600,1187442000
385200,1145868000
388800,1084368000
392400,1296666000
396000,1122621000
399600,1259028000
403200,1294944000
406800,1188426000
410400,1241562000
414000,1198512000
417600,1172928000
421200,1175388000
424800,1155462000
428400,1098882000
432000,1149066000
435600,1300110000
439200,1155954000
442800,1215486000
446400,1217454000
450000,1204416000
453600,1246974000
457200,1110198000
460800,1150788000
464400,1032462000
468000,1189164000
471600,1143039000
475200,1103556000
478800,1076988000
482400,1071330000
486000,1106262000
489600,1036521000
493200,1043778000
496800,1044762000
500400,1040334000
504000,1061736000
507600,1123113000
511200,1060506000
514800,1128156000
518400,1091748000
522000,1219914000
525600,1279200000
529200,1180554000
532800,1378830000
536400,1242792000
540000,1114134000
543600,1085598000
547200,1258290000
550800,1252878000
554400,1312410000
558000,1141194000
561600,1085598000
565200,1058784000
568800,1068624000
572400,988182000
576000,981048000
579600,1025943000
583200,1057308000
586800,1071822000
590400,834678000
594000,905280000
597600,1036275000
601200,1128156000
604800,1091748000
608400,1219914000
612000,1279200000
615600,1180554000
619200,1378830000
622800,1361364000
626400,1448448000
630000,1273050000
633600,1310565000
637200,1180800000
640800,1055586000
644400,1021146000
648000,1262718000
651600,1016964000
655200,1080924000
658800,980310000
662400,960384000
666000,900114000
669600,1025082000
673200,1071822000
676800,834678000
680400,905280000
684000,1036275000
687600,1060383000
691200,1095123666.66667
694800,1140729333.33333
698400,1158031333.33333
702000,1156227333.33333
705600,1176946000
709200,1361364000
712800,1448448000
716400,1273050000
720000,1310565000
723600,1180800000
727200,1055586000
730800,1021146000
734400,1262718000
738000,1016964000
741600,1080924000
745200,980310000
748800,960384000
752400,900114000
756000,1025082000
759600,1032356571.42857
763200,993963000
766800,989362800
770400,966472500
774000,1013274000
777600,1047345000
781200,1089841500
784800,1118439000
788400,1120874400
792000,1095520000
795600,1079588571.42857
799200,1167516000
802800,1096668000
806400,1070100000
810000,1139472000
813600,1130616000
817200,968748000
820800,9.84e+08
824400,801714000
828000,1006140000
831600,1180554000
835200,924960000
838800,997776000
842400,845994000
846000,1099374000
849600,1054356000
853200,1007616000
856800,1084860000
860400,923484000
864000,1030849333.33333
867600,1038885333.33333
871200,1071494000
874800,1074965333.33333
878400,1065453333.33333
882000,1062829333.33333
885600,1167516000
889200,1096668000
892800,1070100000
896400,1139472000
9e+05,1130616000
903600,968748000
907200,9.84e+08
910800,801714000
914400,1006140000
918000,1180554000
921600,924960000
925200,997776000
928800,845994000
932400,1099374000
936000,1054356000
939600,1007616000
943200,1084860000
946800,923484000
950400,846732000
954000,1017087000
957600,1083630000
961200,984984000
964800,1021638000
968400,770226000
972000,1047099000
975600,1038735000
979200,994701000
982800,1083630000
986400,1021515000
990000,922254000
993600,1005279000
997200,852267000
1000800,1125450000
1004400,977235000
1008000,1004172000
1011600,923484000
1015200,905280000
1018800,1090518000
1022400,1000113000
1026000,935046000
1029600,901836000
1033200,944640000
1036800,846732000
1040400,1017087000
1044000,1083630000
1047600,984984000
1051200,1021638000
1054800,770226000
1058400,926682000
1062000,980802000
1065600,919302000
1069200,1027788000
1072800,912414000
1076400,875760000
1080000,1026558000
1083600,902820000
1087200,873054000
1090800,1008600000
1094400,815982000
1098000,875760000
1101600,987444000
1105200,901098000
1108800,919548000
1112400,1033938000
1116000,943902000
1119600,999498000
1123200,1066902000
1126800,915120000
1130400,956694000
1134000,1039104000
1137600,1189164000
1141200,969240000
1144800,1038612000
1148400,984492000
1152000,1018194000
1155600,1051650000
1159200,1036398000
1162800,808602000
1166400,984861000
1170000,1110690000
1173600,963090000
1177200,943902000
1180800,1052142000
1184400,978219000
1188000,1038120000
1191600,1071330000
1195200,977850000
1198800,1025082000
1202400,957186000
1206000,913152000
1209600,905526000
1213200,961122000
1216800,1043532000
1220400,1020285000
1224000,977604000
1227600,1079694000
1231200,1149066000
1234800,938736000
1238400,955218000
1242000,1117086000
1245600,948084000
1249200,978834000
1252800,926928000
1256400,935415000
1260000,923484000
1263600,940458000
1267200,896670000
1270800,750792000
1274400,832956000
1278000,954234000
1281600,846978000
1285200,867150000
1288800,837138000
1292400,929880000
1296000,910692000
1299600,875760000
1303200,1183506000
1306800,977850000
1310400,1034676000
1314000,1233321000
1317600,1329876000
1321200,1328154000
1324800,1267884000
1328400,1340208000
1332000,1026066000
1335600,1137258000
1339200,1087074000
1342800,1069116000
1346400,1334304000
1350000,1128894000
1353600,953250000
1357200,1360380000
1360800,949806000
1364400,1137258000
1368000,1081785000
1371600,1055340000
1375200,1001958000
1378800,1124220000
1382400,1019424000
1386000,1148943000
1389600,1057062000
1393200,1149312000
1396800,1172682000
1400400,1199742000
1404000,1367022000
1407600,1260996000
1411200,1373664000
1414800,1304538000
1418400,1203432000
1422000,1218315000
1425600,1188672000
1429200,1138980000
1432800,1144146000
1436400,1063950000
1440000,1169361000
1443600,1164318000
1447200,1518312000
1450800,1081908000
1454400,1015734000
1458000,1194699000
1461600,1134552000
1465200,1003680000
1468800,968256000
1472400,1056570000
1476000,1018686000
1479600,1138857000
1483200,845010000
1486800,1139718000
1490400,967518000
1494000,1187688000
1497600,1067025000
1501200,1088304000
1504800,996792000
1508400,782280000
1512000,915858000
1515600,1053495000
1519200,1029018000
1522800,885108000
1526400,886338000
1530000,902574000
1533600,8.61e+08
1537200,964812000
1540800,1103310000
1544400,1057062000
1548000,992118000
1551600,656574000
1555200,974529000
1558800,964566000
1562400,1014258000
1566000,1304538000
1569600,934308000
1573200,1094085000
1576800,1009092000
1580400,876498000
1584000,949068000
1587600,1043532000
1591200,927174000
1594800,804174000
1598400,838122000
1602000,1052634000
1605600,970716000
1609200,835539000
1612800,848700000
1616400,1001958000
1620000,951528000
1623600,825084000
1627200,878712000
1630800,777114000
1634400,947346000
1638000,1038120000
1641600,629514000
1645200,861246000
1648800,941196000
1652400,834678000
1656000,987444000
1659600,873054000
1663200,858171000
1666800,826068000
1670400,750054000
1674000,919548000
1677600,790152000
1681200,911061000
1684800,1002450000
1688400,975390000
1692000,855588000
1695600,905280000
1699200,757803000
1702800,842550000
1706400,856572000
1710000,929142000
1713600,788430000
1717200,863952000
1720800,851406000
1724400,775392000
1728000,781542000
1731600,741198000
1735200,948576000
1738800,945378000
1742400,886830000
1746000,999498000
1749600,1021638000
1753200,1011921000
1756800,988428000
1760400,1021638000
1764000,926436000
1767600,977850000
1771200,1005771000
1774800,910446000
1778400,927174000
1782000,863460000
1785600,951774000
1789200,852144000
1792800,885354000
1796400,914136000
1800000,795564000
1803600,758664000
1807200,729882000
1810800,960507000
1814400,979326000
1818000,1052142000
1821600,1099374000
1825200,1006632000
1828800,801591000
1832400,840090000
1836000,1198758000
1839600,888798000
1843200,949068000
1846800,891873000
1850400,919548000
1854000,876744000
1857600,702822000
1861200,894948000
1864800,734802000
1868400,875022000
1872000,744888000
1875600,923484000
1879200,867642000
1882800,709464000
1886400,803190000
1890000,895686000
1893600,941196000
1897200,660018000
1900800,832095000
1904400,687078000
1908000,930864000
1911600,962106000
1915200,750054000
1918800,805896000
1922400,673302000
1926000,796302000
1929600,694212000
1933200,798024000
1936800,693351000
1940400,876498000
1944000,764814000
1947600,848700000
1951200,702084000
1954800,841689000
1958400,852144000
1962000,646980000
1965600,678468000
1969200,654114000
1972800,925329000
1976400,803190000
1980000,876744000
1983600,1039104000
1987200,689784000
1990800,838245000
1994400,1011060000
1998000,785724000
2001600,911676000
2005200,1350786000
2008800,878097000
2012400,849438000
2016000,784986000
2019600,907740000
2023200,957924000
2026800,892980000
