0,37706511000
3600,34629174000
7200,40734156000
10800,41855178000
14400,41189994000
18000,41064042000
21600,38334672000
25200,38131722000
28800,38834052000
32400,37094217000
36000,39022242000
39600,37561002000
43200,37274904000
46800,38850042000
50400,37701837000
54000,39311046000
57600,38701950000
61200,39111294000
64800,39001332000
68400,41012259000
72000,40952850000
75600,40703406000
79200,41257152000
82800,37529022000
86400,37706511000
90000,34629174000
93600,40734156000
97200,41855178000
100800,41189994000
104400,41064042000
108000,38334672000
111600,38131722000
115200,38834052000
118800,37094217000
122400,39022242000
126000,37561002000
129600,37274904000
133200,38850042000
136800,37701837000
140400,39311046000
144000,38701950000
147600,39111294000
151200,39001332000
154800,41012259000
158400,40952850000
162000,40703406000
165600,41257152000
169200,37529022000
172800,37706511000
176400,34629174000
180000,40734156000
183600,41855178000
187200,41189994000
190800,41064042000
194400,38334672000
198000,38131722000
201600,38834052000
205200,37094217000
208800,39022242000
212400,37561002000
216000,37274904000
219600,38850042000
223200,37701837000
226800,39311046000
230400,38701950000
234000,39111294000
237600,39001332000
241200,41012259000
244800,40952850000
248400,40703406000
252000,41257152000
255600,37529022000
259200,37706511000
262800,34629174000
266400,40734156000
270000,41855178000
273600,41189994000
277200,41064042000
280800,38334672000
284400,38131722000
288000,38834052000
291600,37094217000
295200,39022242000
298800,37561002000
302400,37274904000
306000,38850042000
309600,37701837000
313200,39311046000
316800,38701950000
320400,39111294000
324000,39001332000
327600,41012259000
331200,40952850000
334800,40703406000
338400,41257152000
342000,37529022000
345600,37706511000
349200,34629174000
352800,40734156000
356400,41855178000
360000,41189994000
363600,41064042000
367200,38334672000
370800,38131722000
374400,38834052000
378000,37094217000
381600,39022242000
385200,37561002000
388800,37274904000
392400,38850042000
396000,37701837000
399600,39311046000
403200,38701950000
406800,39111294000
410400,39001332000
414000,41012259000
417600,40952850000
421200,40703406000
424800,41257152000
428400,37529022000
432000,37706511000
435600,34629174000
439200,33993264000
442800,34295352000
446400,33630660000
450000,33667068000
453600,34249104000
457200,33434598000
460800,32609760000
464400,32605086000
468000,33169410000
471600,34609002000
475200,35238762000
478800,35002848000
482400,35189070000
486000,35721414000
489600,37656327000
493200,39540810000
496800,39121626000
500400,39720390000
504000,39867252000
507600,39600342000
511200,37174782000
514800,39600834000
518400,38732946000
522000,39478326000
525600,37676622000
529200,34406298000
532800,36088200000
536400,37331730000
540000,32946780000
543600,32467572000
547200,33215412000
550800,35228922000
554400,34737168000
558000,33317994000
561600,32440635000
565200,30955902000
568800,31386894000
572400,30822570000
576000,30518760000
579600,29993919000
583200,29204874000
586800,29696874000
590400,29288760000
594000,29805114000
597600,29157027000
601200,28811976857.1429
604800,28898112000
608400,27133800000
612000,29307210000
615600,27744618000
619200,28446456000
622800,26147586000
626400,28024566000
630000,28022106000
633600,27544374000
637200,29265390000
640800,27389394000
644400,28493934000
648000,28913856000
651600,27798246000
655200,2.9028e+10
658800,27228018000
662400,28908198000
666000,27880410000
669600,28412262000
673200,29696874000
676800,29288760000
680400,29805114000
684000,29157027000
687600,28489356642.8571
691200,28898112000
694800,27133800000
698400,29307210000
702000,27744618000
705600,28446456000
709200,26147586000
712800,28024566000
716400,28022106000
720000,27544374000
723600,29265390000
727200,27389394000
730800,28493934000
734400,28913856000
738000,27798246000
741600,2.9028e+10
745200,27228018000
748800,28908198000
752400,27880410000
756000,28412262000
759600,28199656500
763200,27954025500
766800,27750552750
770400,27403569750
774000,27193701000
777600,26823132750
781200,26568922500
784800,27428262000
788400,26948808000
792000,26170464000
795600,26252136000
799200,25549068000
802800,25943652000
806400,25846728000
810000,25945866000
813600,26430978000
817200,25437999000
820800,24383766000
824400,26075754000
828000,26524212000
831600,26345616000
835200,26240943000
838800,27077220000
842400,26675256000
846000,27591114000
849600,27857040000
853200,29676210000
856800,29180520000
860400,27527400000
864000,27221319230.7692
867600,27126666000
871200,27428262000
874800,26948808000
878400,26170464000
882000,26252136000
885600,25549068000
889200,25943652000
892800,25846728000
896400,25945866000
9e+05,26430978000
903600,25437999000
907200,24383766000
910800,26075754000
914400,26524212000
918000,26345616000
921600,26240943000
925200,27077220000
928800,26675256000
932400,27591114000
936000,27857040000
939600,29676210000
943200,29180520000
946800,27527400000
950400,28348794000
954000,32068191000
957600,29458623000
961200,29212254000
964800,29042883000
968400,29886417000
972000,30561810000
975600,31294152000
979200,29584329000
982800,30666975000
986400,30372759000
990000,30294223500
993600,30809901000
997200,29665386000
1000800,30704982000
1004400,30842004000
1008000,31007562000
1011600,30536964000
1015200,29922210000
1018800,30673494000
1022400,29993058000
1026000,30675216000
1029600,29549274000
1033200,30220116000
1036800,28348794000
1040400,32068191000
1044000,31488984000
1047600,31475700000
1051200,31915302000
1054800,33520698000
1058400,35574552000
1062000,36644652000
1065600,33321930000
1069200,35388084000
1072800,34314540000
1076400,35150448000
1080000,37236036000
1083600,38252016000
1087200,34656234000
1090800,34786368000
1094400,37100490000
1098000,38790756000
1101600,41974242000
1105200,39286938000
1108800,39620514000
1112400,40135269000
1116000,39441180000
1119600,39118920000
1123200,38282766000
1126800,39500712000
1130400,41745708000
1134000,37963704000
1137600,40258146000
1141200,33624510000
1144800,36022026000
1148400,33431523000
1152000,35449338000
1155600,35041716000
1159200,35421786000
1162800,34082070000
1166400,33921801000
1170000,36440964000
1173600,33518484000
1177200,34569150000
1180800,35397432000
1184400,35007891000
1188000,35239746000
1191600,36807012000
1195200,35124864000
1198800,35294850000
1202400,33659442000
1206000,32351460000
1209600,34359804000
1213200,34397934000
1216800,35722398000
1220400,34822038000
1224000,33504216000
1227600,34784154000
1231200,37141080000
1234800,37663584000
1238400,37367154000
1242000,41592942000
1245600,35983404000
1249200,35907882000
1252800,35957820000
1256400,35867415000
1260000,38737128000
1263600,36966666000
1267200,36693852000
1270800,37202334000
1274400,40137606000
1278000,39608337000
1281600,38153124000
1285200,37674654000
1288800,40228872000
1292400,40517184000
1296000,37916964000
1299600,38795430000
1303200,39465288000
1306800,38180922000
1310400,37456944000
1314000,38388546000
1317600,40160976000
1321200,39633060000
1324800,40676838000
1328400,38999856000
1332000,37474779000
1335600,38536146000
1339200,36682044000
1342800,38667264000
1346400,41367606000
1350000,39676725000
1353600,37753128000
1357200,39676602000
1360800,37670718000
1364400,40753836000
1368000,39212400000
1371600,40755312000
1375200,40482498000
1378800,42006222000
1382400,39279558000
1386000,41692572000
1389600,40913736000
1393200,39318918000
1396800,41449524000
1400400,40331454000
1404000,41624061000
1407600,41644110000
1411200,42728232000
1414800,39554832000
1418400,41554074000
1422000,39595053000
1425600,40946454000
1429200,39186570000
1432800,37346982000
1436400,39188046000
1440000,40065282000
1443600,42068952000
1447200,41524062000
1450800,41406474000
1454400,40391232000
1458000,41447556000
1461600,41627628000
1465200,41274618000
1468800,41731194000
1472400,42957012000
1476000,41713482000
1479600,39561474000
1483200,36510090000
1486800,39944004000
1490400,39019044000
1494000,39735642000
1497600,39045366000
1501200,39905382000
1504800,39119658000
1508400,36385860000
1512000,38296050000
1515600,38202324000
1519200,40223214000
1522800,39091368000
1526400,35264346000
1530000,38565420000
1533600,39260001000
1537200,38564190000
1540800,39772296000
1544400,39487674000
1548000,40226166000
1551600,37861122000
1555200,38678949000
1558800,37199874000
1562400,35660160000
1566000,36940344000
1569600,36041952000
1573200,37705158000
1576800,39460860000
1580400,36059172000
1584000,39866514000
1587600,38699244000
1591200,38089164000
1594800,38906622000
1598400,36894834000
1602000,36547236000
1605600,38699982000
1609200,37077981000
1612800,39395424000
1616400,39535890000
1620000,41178924000
1623600,39167628000
1627200,38430120000
1630800,35288454000
1634400,37334436000
1638000,39934902000
1641600,34150950000
1645200,38027787000
1648800,37931970000
1652400,37291878000
1656000,39528510000
1659600,43172016000
1663200,42330819000
1666800,41045592000
1670400,39346470000
1674000,42002778000
1677600,40796148000
1681200,40051752000
1684800,40361712000
1688400,41733654000
1692000,40589262000
1695600,39975246000
1699200,40202304000
1702800,39412890000
1706400,39436998000
1710000,41150388000
1713600,38282520000
1717200,39730230000
1720800,40306362000
1724400,42080514000
1728000,39519162000
1731600,38797398000
1735200,38533317000
1738800,36649572000
1742400,37172814000
1746000,39379434000
1749600,38358042000
1753200,40000830000
1756800,38032338000
1760400,39095304000
1764000,36846864000
1767600,39113262000
1771200,38589528000
1774800,39671682000
1778400,38254968000
1782000,36070242000
1785600,35308626000
1789200,36548097000
1792800,37772562000
1796400,37937874000
1800000,38444880000
1803600,38793708000
1807200,39193704000
1810800,38025204000
1814400,38778948000
1818000,39386814000
1821600,37990518000
1825200,36836040000
1828800,36150684000
1832400,35551182000
1836000,37454976000
1839600,35806776000
1843200,35545770000
1846800,34256853000
1850400,37903188000
1854000,37630866000
1857600,37105656000
1861200,38352384000
1864800,37781910000
1868400,38119422000
1872000,35214900000
1875600,36443424000
1879200,34659924000
1882800,33095364000
1886400,33808764000
1890000,34679850000
1893600,32781468000
1897200,35059182000
1900800,31865610000
1904400,31770408000
1908000,31415676000
1911600,31955646000
1915200,32020344000
1918800,30900429000
1922400,31162788000
1926000,30530814000
1929600,28408326000
1933200,28262448000
1936800,29549643000
1940400,29862186000
1944000,25953492000
1947600,28447686000
1951200,29830452000
1954800,27250158000
1958400,29590110000
1962000,27994554000
1965600,27120762000
1969200,28588398000
1972800,29743614000
1976400,28899588000
1980000,28653342000
1983600,29723688000
1987200,27226542000
1990800,29399583000
1994400,29745090000
1998000,30439302000
2001600,29302536000
2005200,29657760000
2008800,28899957000
2012400,30048654000
2016000,27917310000
2019600,28286802000
2023200,28223580000
2026800,29187654000
