0,8282082000
3600,7641744000
7200,9502242000
10800,9629424000
14400,9477027000
18000,9552180000
21600,8872236000
25200,8836566000
28800,8907168000
32400,8449362000
36000,8994990000
39600,8634108000
43200,8558340000
46800,8706924000
50400,8441367000
54000,9087486000
57600,8921436000
61200,9042222000
64800,9006552000
68400,9394863000
72000,9052308000
75600,8995482000
79200,9227460000
82800,8372364000
86400,8282082000
90000,7641744000
93600,9502242000
97200,9629424000
100800,9477027000
104400,9552180000
108000,8872236000
111600,8836566000
115200,8907168000
118800,8449362000
122400,8994990000
126000,8634108000
129600,8558340000
133200,8706924000
136800,8441367000
140400,9087486000
144000,8921436000
147600,9042222000
151200,9006552000
154800,9394863000
158400,9052308000
162000,8995482000
165600,9227460000
169200,8372364000
172800,8282082000
176400,7641744000
180000,9502242000
183600,9629424000
187200,9477027000
190800,9552180000
194400,8872236000
198000,8836566000
201600,8907168000
205200,8449362000
208800,8994990000
212400,8634108000
216000,8558340000
219600,8706924000
223200,8441367000
226800,9087486000
230400,8921436000
234000,9042222000
237600,9006552000
241200,9394863000
244800,9052308000
248400,8995482000
252000,9227460000
255600,8372364000
259200,8282082000
262800,7641744000
266400,9502242000
270000,9629424000
273600,9477027000
277200,9552180000
280800,8872236000
284400,8836566000
288000,8907168000
291600,8449362000
295200,8994990000
298800,8634108000
302400,8558340000
306000,8706924000
309600,8441367000
313200,9087486000
316800,8921436000
320400,9042222000
324000,9006552000
327600,9394863000
331200,9052308000
334800,8995482000
338400,9227460000
342000,8372364000
345600,8282082000
349200,7641744000
352800,9502242000
356400,9629424000
360000,9477027000
363600,9552180000
367200,8872236000
370800,8836566000
374400,8907168000
378000,8449362000
381600,8994990000
385200,8634108000
388800,8558340000
392400,8706924000
396000,8441367000
399600,9087486000
403200,8921436000
406800,9042222000
410400,9006552000
414000,9394863000
417600,9052308000
421200,8995482000
424800,9227460000
428400,8372364000
432000,8282082000
435600,7641744000
439200,7319484000
442800,7307430000
446400,6994026000
450000,7077297000
453600,7178280000
457200,7069794000
460800,6681852000
464400,6826008000
468000,7033632000
471600,7231170000
475200,7303986000
478800,7276680000
482400,7373604000
486000,7628706000
489600,8108160000
493200,8700036000
496800,8730786000
500400,8960058000
504000,9109134000
507600,9005445000
511200,8247642000
514800,8932998000
518400,8636814000
522000,8728572000
525600,8018001000
529200,7200912000
532800,7375080000
536400,7527600000
540000,6627240000
543600,6485421000
547200,6614694000
550800,7108908000
554400,7052328000
558000,6666354000
561600,6506946000
565200,6109902000
568800,6118758000
572400,5987886000
576000,5970174000
579600,5841024000
583200,5611014000
586800,5793546000
590400,5681862000
594000,5812242000
597600,5554557000
601200,5364680142.85714
604800,5496870000
608400,5017170000
612000,5320980000
615600,4903887000
619200,4821600000
622800,4481382000
626400,4799214000
630000,4670556000
633600,4585563000
637200,4913604000
640800,4756164000
644400,4904502000
648000,4943124000
651600,4747677000
655200,4912866000
658800,4704258000
662400,4767234000
666000,4735254000
669600,4830210000
673200,5793546000
676800,5681862000
680400,5812242000
684000,5554557000
687600,5144000571.42857
691200,5496870000
694800,5017170000
698400,5320980000
702000,4903887000
705600,4821600000
709200,4481382000
712800,4799214000
716400,4670556000
720000,4585563000
723600,4913604000
727200,4756164000
730800,4904502000
734400,4943124000
738000,4747677000
741600,4912866000
745200,4704258000
748800,4767234000
752400,4735254000
756000,4830210000
759600,4745017125
763200,4643511375
766800,4547156250
770400,4424679000
774000,4301725125
777600,4177218375
781200,4056709125
784800,4319514000
788400,4131078000
792000,3976836000
795600,3933048000
799200,3720627000
802800,3771180000
806400,3771180000
810000,3853836000
813600,3881634000
817200,3874746000
820800,3752976000
824400,4130586000
828000,4212996000
831600,4209798000
835200,4198482000
838800,4581504000
842400,4562070000
846000,4679658000
849600,4892202000
853200,5492934000
856800,5497362000
860400,5204868000
864000,4520221615.38462
867600,4457889000
871200,4319514000
874800,4131078000
878400,3976836000
882000,3933048000
885600,3720627000
889200,3771180000
892800,3771180000
896400,3853836000
9e+05,3881634000
903600,3874746000
907200,3752976000
910800,4130586000
914400,4212996000
918000,4209798000
921600,4198482000
925200,4581504000
928800,4562070000
932400,4679658000
936000,4892202000
939600,5492934000
943200,5497362000
946800,5204868000
950400,5275470000
954000,6102030000
957600,5049150000
961200,4852596000
964800,4837221000
968400,5030577000
972000,5291214000
975600,5256282000
979200,4862805000
982800,5272149000
986400,5192076000
990000,5453697000
993600,5863902000
997200,5563290000
1000800,5896128000
1004400,5942991000
1008000,6042252000
1011600,5895390000
1015200,5698836000
1018800,5868822000
1022400,5775588000
1026000,6007812000
1029600,5649144000
1033200,5751726000
1036800,5275470000
1040400,6102030000
1044000,5778786000
1047600,5574114000
1051200,5697606000
1054800,6128106000
1058400,6861801000
1062000,6741384000
1065600,5954430000
1069200,6690462000
1072800,6502518000
1076400,7032648000
1080000,7974828000
1083600,8319720000
1087200,7525140000
1090800,7620096000
1094400,8124765000
1098000,8837058000
1101600,9671490000
1105200,9034104000
1108800,9147510000
1112400,9335331000
1116000,9274200000
1119600,8897082000
1123200,8737182000
1126800,8780232000
1130400,9014055000
1134000,8071014000
1137600,8502990000
1141200,6918258000
1144800,7448388000
1148400,6846918000
1152000,7323420000
1155600,7633872000
1159200,7611978000
1162800,7469790000
1166400,7683072000
1170000,8473962000
1173600,7828212000
1177200,8238294000
1180800,8389830000
1184400,8510124000
1188000,8804832000
1191600,9485022000
1195200,9009996000
1198800,9082812000
1202400,8573346000
1206000,8282574000
1209600,8861166000
1213200,8738166000
1216800,9145788000
1220400,8719593000
1224000,8626482000
1227600,9169158000
1231200,9914784000
1234800,10359060000
1238400,10250205000
1242000,11335680000
1245600,9897564000
1249200,9872472000
1252800,10029420000
1256400,9969519000
1260000,10274190000
1263600,9482070000
1267200,10152420000
1270800,10590054000
1274400,11513784000
1278000,11195337000
1281600,10570866000
1285200,10669758000
1288800,11527806000
1292400,11434572000
1296000,11120676000
1299600,10213920000
1303200,9873210000
1306800,9346524000
1310400,8929800000
1314000,9107043000
1317600,9611220000
1321200,9380472000
1324800,9676656000
1328400,9315282000
1332000,9043575000
1335600,9153168000
1339200,8665350000
1342800,9054522000
1346400,9530778000
1350000,9124017000
1353600,8490936000
1357200,8894868000
1360800,8276670000
1364400,8938902000
1368000,8619348000
1371600,9052554000
1375200,8926110000
1378800,9255504000
1382400,8357358000
1386000,8.733e+09
1389600,8238294000
1393200,8107668000
1396800,8269290000
1400400,8025258000
1404000,8327715000
1407600,8302008000
1411200,8718486000
1414800,8142108000
1418400,8578020000
1422000,8251947000
1425600,8508402000
1429200,8124888000
1432800,7585902000
1436400,7718250000
1440000,7939773000
1443600,8259696000
1447200,8161050000
1450800,8172858000
1454400,8010006000
1458000,8385771000
1461600,8378514000
1465200,8271996000
1468800,8423778000
1472400,8648130000
1476000,8521932000
1479600,7892910000
1483200,7230432000
1486800,7889220000
1490400,7551954000
1494000,7737438000
1497600,7449126000
1501200,7492176000
1504800,7404108000
1508400,6857250000
1512000,7100790000
1515600,7011984000
1519200,7485780000
1522800,7364748000
1526400,6642492000
1530000,7125144000
1533600,7324650000
1537200,7127358000
1540800,7576308000
1544400,7498326000
1548000,7781226000
1551600,7192302000
1555200,7033386000
1558800,6645690000
1562400,6461682000
1566000,6592308000
1569600,6352950000
1573200,6768198000
1576800,7157370000
1580400,6300552000
1584000,7020594000
1587600,7080372000
1591200,7027359000
1594800,7209276000
1598400,6807312000
1602000,6702516000
1605600,7089966000
1609200,6669429000
1612800,7346790000
1616400,7422066000
1620000,7771140000
1623600,7283322000
1627200,6806697000
1630800,6229458000
1634400,6710634000
1638000,7047654000
1641600,5851110000
1645200,6499320000
1648800,6286776000
1652400,6266850000
1656000,6851100000
1659600,7477662000
1663200,7541499000
1666800,7601646000
1670400,7451340000
1674000,7964496000
1677600,7777536000
1681200,7639530000
1684800,7690206000
1688400,8070768000
1692000,7534488000
1695600,7589100000
1699200,7466223000
1702800,7308906000
1706400,7408782000
1710000,7996968000
1713600,7482582000
1717200,7771386000
1720800,7963266000
1724400,8115540000
1728000,7663884000
1731600,7471266000
1735200,7231170000
1738800,6690708000
1742400,6806082000
1746000,7172868000
1749600,6836094000
1753200,7192548000
1756800,6951468000
1760400,7237566000
1764000,6764262000
1767600,7076928000
1771200,7050360000
1774800,7258968000
1778400,6888738000
1782000,6569676000
1785600,6344832000
1789200,6776685000
1792800,7001898000
1796400,6912354000
1800000,6954666000
1803600,7026744000
1807200,7069548000
1810800,6978897000
1814400,6882834000
1818000,7052820000
1821600,6.642e+09
1825200,6249876000
1828800,6192435000
1832400,5838810000
1836000,6148524000
1839600,5850618000
1843200,5794284000
1846800,5741394000
1850400,6441264000
1854000,6427488000
1857600,6433146000
1861200,6631176000
1864800,6454425000
1868400,6505470000
1872000,5974848000
1875600,6329580000
1879200,5936964000
1882800,5547915000
1886400,5597484000
1890000,5806830000
1893600,5466120000
1897200,5799204000
1900800,5043492000
1904400,4980024000
1908000,4842756000
1911600,4777812000
1915200,4684086000
1918800,4486548000
1922400,4540176000
1926000,4499586000
1929600,4051866000
1933200,4215456000
1936800,4303647000
1940400,4447926000
1944000,3918288000
1947600,4130340000
1951200,4429968000
1954800,4006479000
1958400,4459488000
1962000,4199712000
1965600,4120746000
1969200,4338456000
1972800,4563546000
1976400,4377078000
1980000,4341408000
1983600,4366746000
1987200,4089012000
1990800,4224558000
1994400,4137966000
1998000,4298358000
2001600,4008816000
2005200,4.059e+09
2008800,3908448000
2012400,4156908000
2016000,3782742000
2019600,3739938000
2023200,3739446000
2026800,3885693000
