0,14883000
3600,0
7200,0
10800,0
14400,0
18000,0
21600,0
25200,0
28800,46986000
32400,13407000
36000,0
39600,12300000
43200,24108000
46800,0
50400,0
54000,30750000
57600,0
61200,18696000
64800,0
68400,0
72000,0
75600,39114000
79200,62484000
82800,0
86400,14883000
90000,0
93600,0
97200,0
100800,0
104400,0
108000,0
111600,0
115200,46986000
118800,13407000
122400,0
126000,12300000
129600,24108000
133200,0
136800,0
140400,30750000
144000,0
147600,18696000
151200,0
154800,0
158400,0
162000,39114000
165600,62484000
169200,0
172800,14883000
176400,0
180000,0
183600,0
187200,0
190800,0
194400,0
198000,0
201600,46986000
205200,13407000
208800,0
212400,12300000
216000,24108000
219600,0
223200,0
226800,30750000
230400,0
234000,18696000
237600,0
241200,0
244800,0
248400,39114000
252000,62484000
255600,0
259200,14883000
262800,0
266400,0
270000,0
273600,0
277200,0
280800,0
284400,0
288000,46986000
291600,13407000
295200,0
298800,12300000
302400,24108000
306000,0
309600,0
313200,30750000
316800,0
320400,18696000
324000,0
327600,0
331200,0
334800,39114000
338400,62484000
342000,0
345600,14883000
349200,0
352800,0
356400,0
360000,0
363600,0
367200,0
370800,0
374400,46986000
378000,13407000
381600,0
385200,12300000
388800,24108000
392400,0
396000,0
399600,30750000
403200,0
406800,18696000
410400,0
414000,0
417600,0
421200,39114000
424800,62484000
428400,0
432000,14883000
435600,0
439200,34194000
442800,0
446400,18696000
450000,16482000
453600,0
457200,10086000
460800,0
464400,0
468000,82164000
471600,49938000
475200,36900000
478800,35178000
482400,96924000
486000,59040000
489600,25953000
493200,57810000
496800,0
500400,0
504000,0
507600,56088000
511200,51168000
514800,81180000
518400,30504000
522000,38868000
525600,0
529200,0
532800,0
536400,0
540000,0
543600,8610000
547200,0
550800,9840000
554400,0
558000,0
561600,14022000
565200,0
568800,0
572400,0
576000,0
579600,0
583200,0
586800,19188000
590400,0
594000,16974000
597600,0
601200,10876714.2857143
604800,0
608400,0
612000,60762000
615600,0
619200,0
622800,20910000
626400,34440000
630000,0
633600,5904000
637200,0
640800,0
644400,17958000
648000,0
651600,0
655200,0
658800,0
662400,0
666000,0
669600,0
673200,19188000
676800,0
680400,16974000
684000,0
687600,10876714.2857143
691200,0
694800,0
698400,60762000
702000,0
705600,0
709200,20910000
712800,34440000
716400,0
720000,5904000
723600,0
727200,0
730800,17958000
734400,0
738000,0
741600,0
745200,0
748800,0
752400,0
756000,0
759600,0
763200,0
766800,0
770400,0
774000,0
777600,0
781200,0
784800,0
788400,0
792000,0
795600,0
799200,0
802800,0
806400,0
810000,0
813600,0
817200,0
820800,62238000
824400,40344000
828000,26814000
831600,0
835200,24969000
838800,54612000
842400,0
846000,0
849600,38376000
853200,45018000
856800,36162000
860400,10824000
864000,14230153.8461538
867600,10029230.7692308
871200,0
874800,0
878400,0
882000,0
885600,0
889200,0
892800,0
896400,0
9e+05,0
903600,0
907200,62238000
910800,40344000
914400,26814000
918000,0
921600,24969000
925200,54612000
928800,0
932400,0
936000,38376000
939600,45018000
943200,36162000
946800,10824000
950400,0
954000,0
957600,18819000
961200,0
964800,0
968400,0
972000,8548500
975600,12546000
979200,0
982800,26076000
986400,2583000
990000,22201500
993600,37638000
997200,44772000
1000800,52644000
1004400,58548000
1008000,62238000
1011600,68142000
1015200,92496000
1018800,92742000
1022400,73185000
1026000,38130000
1029600,0
1033200,46494000
1036800,0
1040400,0
1044000,37638000
1047600,0
1051200,0
1054800,0
1058400,17097000
1062000,25092000
1065600,0
1069200,52152000
1072800,5166000
1076400,44403000
1080000,13038000
1083600,51660000
1087200,33948000
1090800,0
1094400,16974000
1098000,52398000
1101600,35670000
1105200,0
1108800,103566000
1112400,54366000
1116000,0
1119600,53628000
1123200,41574000
1126800,67404000
1130400,54366000
1134000,11070000
1137600,0
1141200,0
1144800,80688000
1148400,62853000
1152000,62238000
1155600,52398000
1159200,20664000
1162800,27798000
1166400,45141000
1170000,55842000
1173600,38622000
1177200,30996000
1180800,28536000
1184400,15252000
1188000,57564000
1191600,75276000
1195200,47724000
1198800,58548000
1202400,27060000
1206000,0
1209600,23370000
1213200,55104000
1216800,40098000
1220400,0
1224000,0
1227600,0
1231200,20172000
1234800,44280000
1238400,33333000
1242000,52152000
1245600,48462000
1249200,0
1252800,31980000
1256400,4551000
1260000,44034000
1263600,25338000
1267200,0
1270800,41082000
1274400,0
1278000,29397000
1281600,0
1285200,36408000
1288800,38868000
1292400,0
1296000,0
1299600,0
1303200,0
1306800,25830000
1310400,29766000
1314000,0
1317600,46986000
1321200,45510000
1324800,45510000
1328400,25092000
1332000,47109000
1335600,0
1339200,26814000
1342800,33210000
1346400,63960000
1350000,52521000
1353600,22632000
1357200,0
1360800,35424000
1364400,42312000
1368000,40344000
1371600,41820000
1375200,35670000
1378800,11070000
1382400,0
1386000,4797000
1389600,0
1393200,0
1396800,15006000
1400400,0
1404000,0
1407600,0
1411200,56826000
1414800,40836000
1418400,0
1422000,31734000
1425600,61746000
1429200,57072000
1432800,58302000
1436400,57810000
1440000,45387000
1443600,61992000
1447200,73554000
1450800,13530000
1454400,0
1458000,45264000
1461600,33702000
1465200,19434000
1468800,0
1472400,19680000
1476000,0
1479600,0
1483200,0
1486800,0
1490400,3936000
1494000,0
1497600,29520000
1501200,34932000
1504800,38130000
1508400,0
1512000,52890000
1515600,34071000
1519200,36162000
1522800,39114000
1526400,47724000
1530000,44772000
1533600,22509000
1537200,54366000
1540800,63222000
1544400,50676000
1548000,39360000
1551600,59532000
1555200,0
1558800,15498000
1562400,0
1566000,0
1569600,0
1573200,0
1576800,0
1580400,0
1584000,0
1587600,62238000
1591200,0
1594800,10578000
1598400,53874000
1602000,53874000
1605600,32226000
1609200,19680000
1612800,0
1616400,51660000
1620000,0
1623600,34440000
1627200,7380000
1630800,43788000
1634400,0
1638000,26814000
1641600,0
1645200,0
1648800,0
1652400,0
1656000,0
1659600,0
1663200,0
1666800,0
1670400,0
1674000,5658000
1677600,0
1681200,0
1684800,0
1688400,0
1692000,0
1695600,0
1699200,21771000
1702800,32964000
1706400,0
1710000,53628000
1713600,53382000
1717200,46248000
1720800,0
1724400,0
1728000,0
1731600,0
1735200,0
1738800,0
1742400,0
1746000,0
1749600,0
1753200,0
1756800,0
1760400,0
1764000,0
1767600,0
1771200,38868000
1774800,0
1778400,0
1782000,0
1785600,0
1789200,31119000
1792800,35178000
1796400,71832000
1800000,2214000
1803600,32964000
1807200,32226000
1810800,0
1814400,0
1818000,0
1821600,0
1825200,0
1828800,0
1832400,0
1836000,0
1839600,23124000
1843200,0
1846800,0
1850400,0
1854000,0
1857600,0
1861200,0
1864800,9102000
1868400,0
1872000,41820000
1875600,0
1879200,22140000
1882800,9717000
1886400,0
1890000,29766000
1893600,0
1897200,0
1900800,0
1904400,0
1908000,0
1911600,0
1915200,0
1918800,0
1922400,0
1926000,20172000
1929600,0
1933200,0
1936800,24723000
1940400,0
1944000,49692000
1947600,39114000
1951200,0
1954800,0
1958400,0
1962000,16974000
1965600,49200000
1969200,0
1972800,11316000
1976400,0
1980000,0
1983600,0
1987200,0
1990800,0
1994400,0
1998000,0
2001600,36162000
2005200,0
2008800,0
2012400,0
2016000,4674000
2019600,0
2023200,36654000
2026800,18204000
