0,11729034000
3600,11458926000
7200,11023506000
10800,11731002000
14400,11309112000
18000,12284502000
21600,12213162000
25200,12477366000
28800,11605296000
32400,11023629000
36000,1.1193e+10
39600,11039742000
43200,11117232000
46800,11365200000
50400,11231376000
54000,11795208000
57600,11745270000
61200,11331744000
64800,11375532000
68400,12350553000
72000,12535176000
75600,12858420000
79200,12618570000
82800,11904186000
86400,11729034000
90000,11458926000
93600,11023506000
97200,11731002000
100800,11309112000
104400,12284502000
108000,12213162000
111600,12477366000
115200,11605296000
118800,11023629000
122400,1.1193e+10
126000,11039742000
129600,11117232000
133200,11365200000
136800,11231376000
140400,11795208000
144000,11745270000
147600,11331744000
151200,11375532000
154800,12350553000
158400,12535176000
162000,12858420000
165600,12618570000
169200,11904186000
172800,11729034000
176400,11458926000
180000,11023506000
183600,11731002000
187200,11309112000
190800,12284502000
194400,12213162000
198000,12477366000
201600,11605296000
205200,11023629000
208800,1.1193e+10
212400,11039742000
216000,11117232000
219600,11365200000
223200,11231376000
226800,11795208000
230400,11745270000
234000,11331744000
237600,11375532000
241200,12350553000
244800,12535176000
248400,12858420000
252000,12618570000
255600,11904186000
259200,11729034000
262800,11458926000
266400,11023506000
270000,11731002000
273600,11309112000
277200,12284502000
280800,12213162000
284400,12477366000
288000,11605296000
291600,11023629000
295200,1.1193e+10
298800,11039742000
302400,11117232000
306000,11365200000
309600,11231376000
313200,11795208000
316800,11745270000
320400,11331744000
324000,11375532000
327600,12350553000
331200,12535176000
334800,12858420000
338400,12618570000
342000,11904186000
345600,11729034000
349200,11458926000
352800,11023506000
356400,11731002000
360000,11309112000
363600,12284502000
367200,12213162000
370800,12477366000
374400,11605296000
378000,11023629000
381600,1.1193e+10
385200,11039742000
388800,11117232000
392400,11365200000
396000,11231376000
399600,11795208000
403200,11745270000
406800,11331744000
410400,11375532000
414000,12350553000
417600,12535176000
421200,12858420000
424800,12618570000
428400,11904186000
432000,11729034000
435600,11458926000
439200,11023506000
442800,11731002000
446400,11309112000
450000,11024244000
453600,11961750000
457200,11568150000
460800,12063594000
464400,11337156000
468000,11577006000
471600,12270357000
475200,12776256000
478800,12111810000
482400,12861126000
486000,12563220000
489600,12593970000
493200,12747966000
496800,12057936000
500400,11668026000
504000,12206274000
507600,12417834000
511200,11552652000
514800,12604302000
518400,12246618000
522000,12501474000
525600,12172203000
529200,11240478000
532800,11657940000
536400,12597906000
540000,10934946000
543600,10918095000
547200,11167416000
550800,11706648000
554400,10952904000
558000,11181438000
561600,10647864000
565200,10170132000
568800,10915758000
572400,10654998000
576000,10999890000
579600,10458075000
583200,10219824000
586800,10261152000
590400,10532982000
594000,10368900000
597600,10687347000
601200,10610234785.7143
604800,11248350000
608400,11100750000
612000,11141094000
615600,10470375000
619200,10958808000
622800,9686988000
626400,10408752000
630000,10462380000
633600,10519575000
637200,10940850000
640800,9880836000
644400,10113798000
648000,10324128000
651600,9778746000
655200,10575540000
658800,9916260000
662400,10176036000
666000,10175298000
669600,10634580000
673200,10261152000
676800,10532982000
680400,10368900000
684000,10687347000
687600,10560815142.8571
691200,11248350000
694800,11100750000
698400,11141094000
702000,10470375000
705600,10958808000
709200,9686988000
712800,10408752000
716400,10462380000
720000,10519575000
723600,10940850000
727200,9880836000
730800,10113798000
734400,10324128000
738000,9778746000
741600,10575540000
745200,9916260000
748800,10176036000
752400,10175298000
756000,10634580000
759600,10225798285.7143
763200,10209410000
766800,10503339000
770400,10648643000
774000,10825988500
777600,10973014500
781200,11067765500
784800,11059606500
788400,10978154142.8571
792000,11542320000
795600,11447364000
799200,10980333000
802800,11058192000
806400,10743804000
810000,10585626000
813600,10489440000
817200,10214043000
820800,9712572000
824400,10229664000
828000,9994242000
831600,10119210000
835200,10484397000
838800,10584396000
842400,10526832000
846000,10768158000
849600,10767912000
853200,11029533000
856800,10685748000
860400,9889200000
864000,10843635272.7273
867600,10858126909.0909
871200,10863471818.1818
874800,10838133818.1818
878400,11542320000
882000,11447364000
885600,10980333000
889200,11058192000
892800,10743804000
896400,10585626000
9e+05,10489440000
903600,10214043000
907200,9712572000
910800,10229664000
914400,9994242000
918000,10119210000
921600,10484397000
925200,10584396000
928800,10526832000
932400,10768158000
936000,10767912000
939600,11029533000
943200,10685748000
946800,9889200000
950400,9705930000
954000,10457337000
957600,10173576000
961200,10382922000
964800,11092878000
968400,10800138000
972000,10475725500
975600,10598295000
979200,10416009000
982800,10485504000
986400,10142703000
990000,9987415500
993600,9790062000
997200,11243184000
1000800,10705182000
1004400,10224375000
1008000,10501002000
1011600,10457460000
1015200,10685748000
1018800,10885008000
1022400,10278741000
1026000,10511334000
1029600,9911094000
1033200,10471482000
1036800,9705930000
1040400,10457337000
1044000,10173576000
1047600,10382922000
1051200,10643436000
1054800,10152912000
1058400,9971118000
1062000,10138398000
1065600,10088214000
1069200,10385382000
1072800,9795966000
1076400,9760788000
1080000,9867552000
1083600,9920688000
1087200,9270756000
1090800,9106428000
1094400,9295848000
1098000,9945042000
1101600,10074684000
1105200,9811464000
1108800,9898794000
1112400,10384152000
1116000,9703470000
1119600,10040736000
1123200,10158078000
1126800,10218594000
1130400,11203209000
1134000,10893864000
1137600,11882538000
1141200,10120932000
1144800,11493612000
1148400,10764222000
1152000,11580942000
1155600,11528298000
1159200,11583402000
1162800,10839006000
1166400,10403463000
1170000,11203332000
1173600,10538148000
1177200,10970862000
1180800,10820802000
1184400,11095215000
1188000,10804074000
1191600,11601360000
1195200,10472712000
1198800,10960776000
1202400,10422159000
1206000,10175298000
1209600,10725600000
1213200,10787100000
1216800,11241954000
1220400,11053149000
1224000,10311336000
1227600,10475418000
1231200,10798908000
1234800,10583166000
1238400,10067058000
1242000,11695086000
1245600,10016382000
1249200,9729300000
1252800,9482808000
1256400,9710358000
1260000,10584396000
1263600,11077626000
1267200,9688218000
1270800,10113306000
1274400,10969140000
1278000,11226579000
1281600,10874676000
1285200,10837284000
1288800,11058930000
1292400,11241954000
1296000,10752291000
1299600,11461386000
1303200,12037518000
1306800,11755602000
1310400,11682294000
1314000,11636661000
1317600,12000372000
1321200,12344772000
1324800,12118944000
1328400,11849328000
1332000,10962129000
1335600,11165448000
1339200,10688454000
1342800,11162742000
1346400,11993976000
1350000,11719440000
1353600,11560278000
1357200,11474178000
1360800,11165448000
1364400,11715504000
1368000,11402592000
1371600,11507880000
1375200,11252532000
1378800,12268266000
1382400,10961514000
1386000,12209349000
1389600,11759292000
1393200,10823016000
1396800,11643672000
1400400,12755838000
1404000,11886720000
1407600,10852536000
1411200,10894848000
1414800,10144548000
1418400,11406528000
1422000,10805058000
1425600,11003826000
1429200,10715268000
1432800,10433106000
1436400,10815390000
1440000,11286111000
1443600,12001602000
1447200,11701482000
1450800,11722146000
1454400,11824236000
1458000,11792010000
1461600,12111810000
1465200,11604066000
1468800,11588568000
1472400,12375768000
1476000,11543796000
1479600,11553267000
1483200,10392270000
1486800,12492864000
1490400,11505174000
1494000,11492382000
1497600,12161871000
1501200,11901480000
1504800,11369382000
1508400,10511334000
1512000,10918218000
1515600,10910223000
1519200,11247366000
1522800,11008992000
1526400,10069518000
1530000,11144784000
1533600,11269383000
1537200,11198166000
1540800,11847606000
1544400,11311572000
1548000,11753880000
1551600,11582172000
1555200,11810460000
1558800,11112804000
1562400,10833348000
1566000,10702476000
1569600,9878130000
1573200,10088706000
1576800,10345776000
1580400,9385392000
1584000,10761762000
1587600,10163244000
1591200,9818967000
1594800,9407040000
1598400,9489204000
1602000,9410976000
1605600,9934218000
1609200,9906174000
1612800,10182432000
1616400,10325358000
1620000,10657458000
1623600,10716498000
1627200,10186245000
1630800,9418602000
1634400,9989814000
1638000,10580706000
1641600,9627702000
1645200,9989937000
1648800,10150452000
1652400,9541848000
1656000,9698550000
1659600,10208262000
1663200,10005558000
1666800,10493376000
1670400,10125360000
1674000,10746264000
1677600,10502232000
1681200,10286982000
1684800,10151682000
1688400,11408742000
1692000,10809240000
1695600,10386858000
1699200,10174683000
1702800,10567668000
1706400,10414902000
1710000,10495836000
1713600,9617616000
1717200,10553031000
1720800,10373820000
1724400,11273934000
1728000,10540854000
1731600,10002852000
1735200,9996210000
1738800,9416142000
1742400,9891906000
1746000,10366440000
1749600,10534458000
1753200,10760901000
1756800,10015644000
1760400,10159308000
1764000,9299046000
1767600,10396944000
1771200,9995841000
1774800,10266318000
1778400,10002852000
1782000,9706176000
1785600,9518724000
1789200,9641232000
1792800,10042458000
1796400,9910356000
1800000,10113306000
1803600,10562502000
1807200,10878612000
1810800,10368654000
1814400,10257462000
1818000,10521420000
1821600,10506168000
1825200,9897564000
1828800,10148484000
1832400,10280094000
1836000,10447128000
1839600,10004082000
1843200,9959064000
1846800,9217620000
1850400,10271238000
1854000,9563742000
1857600,10001376000
1861200,9992520000
1864800,9638649000
1868400,10228680000
1872000,9418602000
1875600,10099530000
1879200,9470016000
1882800,9314913000
1886400,9852546000
1890000,9546768000
1893600,9201630000
1897200,10023270000
1900800,9347262000
1904400,9585390000
1908000,9237546000
1911600,9543078000
1915200,9909126000
1918800,9637542000
1922400,9980958000
1926000,9740862000
1929600,9282318000
1933200,9091668000
1936800,9451935000
1940400,9226230000
1944000,7830918000
1947600,8601882000
1951200,9576534000
1954800,8655756000
1958400,9110364000
1962000,9199416000
1965600,9202860000
1969200,9408270000
1972800,9371862000
1976400,9094128000
1980000,9143820000
1983600,9246402000
1987200,8726358000
1990800,9707406000
1994400,9639264000
1998000,10140120000
2001600,9718968000
2005200,9896088000
2008800,9266697000
2012400,10134216000
2016000,9159072000
2019600,9614910000
2023200,9349230000
2026800,9689940000
