0,14890134000
3600,13730982000
7200,14205516000
10800,14273412000
14400,13491132000
18000,13726308000
21600,16955796000
25200,16874370000
28800,15948426000
32400,15284103000
36000,16017798000
39600,14635770000
43200,14735154000
46800,14980416000
50400,14967255000
54000,15628872000
57600,15632808000
61200,15441420000
64800,15859866000
68400,16389504000
72000,16480770000
75600,16050762000
79200,15790740000
82800,15602796000
86400,14890134000
90000,13730982000
93600,14205516000
97200,14273412000
100800,13491132000
104400,13726308000
108000,16955796000
111600,16874370000
115200,15948426000
118800,15284103000
122400,16017798000
126000,14635770000
129600,14735154000
133200,14980416000
136800,14967255000
140400,15628872000
144000,15632808000
147600,15441420000
151200,15859866000
154800,16389504000
158400,16480770000
162000,16050762000
165600,15790740000
169200,15602796000
172800,14890134000
176400,13730982000
180000,14205516000
183600,14273412000
187200,13491132000
190800,13726308000
194400,16955796000
198000,16874370000
201600,15948426000
205200,15284103000
208800,16017798000
212400,14635770000
216000,14735154000
219600,14980416000
223200,14967255000
226800,15628872000
230400,15632808000
234000,15441420000
237600,15859866000
241200,16389504000
244800,16480770000
248400,16050762000
252000,15790740000
255600,15602796000
259200,14890134000
262800,13730982000
266400,14205516000
270000,14273412000
273600,13491132000
277200,13726308000
280800,16955796000
284400,16874370000
288000,15948426000
291600,15284103000
295200,16017798000
298800,14635770000
302400,14735154000
306000,14980416000
309600,14967255000
313200,15628872000
316800,15632808000
320400,15441420000
324000,15859866000
327600,16389504000
331200,16480770000
334800,16050762000
338400,15790740000
342000,15602796000
345600,14890134000
349200,13730982000
352800,14205516000
356400,14273412000
360000,13491132000
363600,13726308000
367200,16955796000
370800,16874370000
374400,15948426000
378000,15284103000
381600,16017798000
385200,14635770000
388800,14735154000
392400,14980416000
396000,14967255000
399600,15628872000
403200,15632808000
406800,15441420000
410400,15859866000
414000,16389504000
417600,16480770000
421200,16050762000
424800,15790740000
428400,15602796000
432000,14890134000
435600,13730982000
439200,14205516000
442800,14273412000
446400,13491132000
450000,13726308000
453600,14047830000
457200,14052258000
460800,14039712000
464400,13967634000
468000,13820280000
471600,13856811000
475200,13685472000
478800,13439226000
482400,13592238000
486000,13809456000
489600,15016332000
493200,16315950000
496800,16211400000
500400,16898232000
504000,16678554000
507600,16669575000
511200,15981144000
514800,17161944000
518400,16533168000
522000,18377430000
525600,17467845000
529200,16300944000
532800,17068218000
536400,17427132000
540000,15533916000
543600,15623706000
547200,15381642000
550800,16371546000
554400,16018536000
558000,15499722000
561600,14685708000
565200,14029872000
568800,14199120000
572400,13665054000
576000,13469484000
579600,13110201000
583200,12791016000
586800,12410700000
590400,13111554000
594000,12788310000
597600,12179706000
601200,12575976857.1429
604800,13273176000
608400,13608966000
612000,12758298000
615600,12197787000
619200,11719440000
622800,10536918000
626400,12108120000
630000,11766426000
633600,11380821000
637200,12528780000
640800,11392014000
644400,11463600000
648000,12300492000
651600,11437893000
655200,11905662000
658800,11523870000
662400,11845392000
666000,11754618000
669600,11814642000
673200,12410700000
676800,13111554000
680400,12788310000
684000,12179706000
687600,12293401928.5714
691200,13273176000
694800,13608966000
698400,12758298000
702000,12197787000
705600,11719440000
709200,10536918000
712800,12108120000
716400,11766426000
720000,11380821000
723600,12528780000
727200,11392014000
730800,11463600000
734400,12300492000
738000,11437893000
741600,11905662000
745200,11523870000
748800,11845392000
752400,11754618000
756000,11814642000
759600,11797509857.1429
763200,11830052142.8571
766800,11983011428.5714
770400,11995768285.7143
774000,11998948714.2857
777600,11909334428.5714
781200,11837959285.7143
784800,11725853571.4286
788400,12528288000
792000,12508608000
795600,11994960000
799200,11546133000
802800,11218092000
806400,11254992000
810000,11029902000
813600,11069754000
817200,10660533000
820800,10228680000
824400,10444914000
828000,10615884000
831600,10303464000
835200,10607274000
838800,10953888000
842400,11203332000
846000,11123136000
849600,11721900000
853200,11555235000
856800,11591766000
860400,10453524000
864000,11533238500
867600,11558330500
871200,11543878000
874800,12528288000
878400,12508608000
882000,11994960000
885600,11546133000
889200,11218092000
892800,11254992000
896400,11029902000
9e+05,11069754000
903600,10660533000
907200,10228680000
910800,10444914000
914400,10615884000
918000,10303464000
921600,10607274000
925200,10953888000
928800,11203332000
932400,11123136000
936000,11721900000
939600,11555235000
943200,11591766000
946800,10453524000
950400,9798180000
954000,11227563000
957600,11048106000
961200,11938995000
964800,12091638000
968400,12090039000
972000,12102093000
975600,12654486000
979200,12052155000
982800,12186594000
986400,12421524000
990000,11853879000
993600,11631618000
997200,12056214000
1000800,11055732000
1004400,10763484000
1008000,10782918000
1011600,10408014000
1015200,10491408000
1018800,11496810000
1022400,10479600000
1026000,10396944000
1029600,10322160000
1033200,11186112000
1036800,9798180000
1040400,11227563000
1044000,11048106000
1047600,11349702000
1051200,11674668000
1054800,12185118000
1058400,12658053000
1062000,14090880000
1065600,12849318000
1069200,13343286000
1072800,13773294000
1076400,13047225000
1080000,13034556000
1083600,13667514000
1087200,13207002000
1090800,13715484000
1094400,14201580000
1098000,14082762000
1101600,14294076000
1105200,13849062000
1108800,14339094000
1112400,14309328000
1116000,13335414000
1119600,13086462000
1123200,13791990000
1126800,14390262000
1130400,15492219000
1134000,14299734000
1137600,15285948000
1141200,12626688000
1144800,13952136000
1148400,13829259000
1152000,14333190000
1155600,12419556000
1159200,13113276000
1162800,12780192000
1166400,12867153000
1170000,12787818000
1173600,11453022000
1177200,11512800000
1180800,11969376000
1184400,11645886000
1188000,11928294000
1191600,11991024000
1195200,10735932000
1198800,10312320000
1202400,10078497000
1206000,9982188000
1209600,10370622000
1213200,10666560000
1216800,10657704000
1220400,10195101000
1224000,9676410000
1227600,9669276000
1231200,10315518000
1234800,9724134000
1238400,9293634000
1242000,10811946000
1245600,8932014000
1249200,8850342000
1252800,8504958000
1256400,8370642000
1260000,9537912000
1263600,9535944000
1267200,8535708000
1270800,8834352000
1274400,10015644000
1278000,9046650000
1281600,8891424000
1285200,8760552000
1288800,9092898000
1292400,9634344000
1296000,8797944000
1299600,10207524000
1303200,10506168000
1306800,10671234000
1310400,11275902000
1314000,10873323000
1317600,11181438000
1321200,10992756000
1324800,11636046000
1328400,11553144000
1332000,10362135000
1335600,11257698000
1339200,10116504000
1342800,11054502000
1346400,11989302000
1350000,11560401000
1353600,11387832000
1357200,12119436000
1360800,11652774000
1364400,12168390000
1368000,11844162000
1371600,11550684000
1375200,12093360000
1378800,12469002000
1382400,11793732000
1386000,13322868000
1389600,13068012000
1393200,12597414000
1396800,1.3161e+10
1400400,13782396000
1404000,13276005000
1407600,12490158000
1411200,12467034000
1414800,11632848000
1418400,12393480000
1422000,11807016000
1425600,12394710000
1429200,11353884000
1432800,11448840000
1436400,11819562000
1440000,12390405000
1443600,13010202000
1447200,12432594000
1450800,13090890000
1454400,12856698000
1458000,13282278000
1461600,13468746000
1465200,12928284000
1468800,12682038000
1472400,12948948000
1476000,12544032000
1479600,12978345000
1483200,11594472000
1486800,12856452000
1490400,13029882000
1494000,12415866000
1497600,12743538000
1501200,12685236000
1504800,12899994000
1508400,11612430000
1512000,12228660000
1515600,12046128000
1519200,12315744000
1522800,12023988000
1526400,10965696000
1530000,13111554000
1533600,12315375000
1537200,12269742000
1540800,13254480000
1544400,12770352000
1548000,12946980000
1551600,12107382000
1555200,11946867000
1558800,12012426000
1562400,11319936000
1566000,11089188000
1569600,10908132000
1573200,10953765000
1576800,11678358000
1580400,10208016000
1584000,11235558000
1587600,10592760000
1591200,10779597000
1594800,10893372000
1598400,10906656000
1602000,10748478000
1605600,11850312000
1609200,12403689000
1612800,12824472000
1616400,12265068000
1620000,12796674000
1623600,12012426000
1627200,12190776000
1630800,10697556000
1634400,11523132000
1638000,12065562000
1641600,10549218000
1645200,12118944000
1648800,12241452000
1652400,12046374000
1656000,12274908000
1659600,12881544000
1663200,12654978000
1666800,12513036000
1670400,11979708000
1674000,12669738000
1677600,12047604000
1681200,12587943000
1684800,12817338000
1688400,13433814000
1692000,12981174000
1695600,12769122000
1699200,12969612000
1702800,12799380000
1706400,12568386000
1710000,12966906000
1713600,12690402000
1717200,13467762000
1720800,13384860000
1724400,13645620000
1728000,12803808000
1731600,13143534000
1735200,13420899000
1738800,13929750000
1742400,14119662000
1746000,15134658000
1749600,14284482000
1753200,14270952000
1756800,14517444000
1760400,13941066000
1764000,13331724000
1767600,14137374000
1771200,13702200000
1774800,13605276000
1778400,13193718000
1782000,12755100000
1785600,13040952000
1789200,13152882000
1792800,13945986000
1796400,13851768000
1800000,13496790000
1803600,14202318000
1807200,14665782000
1810800,13147101000
1814400,13202082000
1818000,13756074000
1821600,13415856000
1825200,12994704000
1828800,13424835000
1832400,12930990000
1836000,13577478000
1839600,12747474000
1843200,12556824000
1846800,11659539000
1850400,13559520000
1854000,12720414000
1857600,12922626000
1861200,12889908000
1864800,13220901000
1868400,14038482000
1872000,12656946000
1875600,13377726000
1879200,13010940000
1882800,11563353000
1886400,11763966000
1890000,12047112000
1893600,10993494000
1897200,11747238000
1900800,10989558000
1904400,11554620000
1908000,11225718000
1911600,11521164000
1915200,11983398000
1918800,12020667000
1922400,12369864000
1926000,12839970000
1929600,11153886000
1933200,11317476000
1936800,11310957000
1940400,12075402000
1944000,10466316000
1947600,11411940000
1951200,12551658000
1954800,10575171000
1958400,11555850000
1962000,10876890000
1965600,11602098000
1969200,12093360000
1972800,12015378000
1976400,11708616000
1980000,11465322000
1983600,12336408000
1987200,11309850000
1990800,12188808000
1994400,12257442000
1998000,12699258000
2001600,12517464000
2005200,12388560000
2008800,12029031000
2012400,12686958000
2016000,11568642000
2019600,11391030000
2023200,12012426000
2026800,12300369000
