0,11416491000
3600,11150688000
7200,12035550000
10800,12734190000
14400,12587820000
18000,14401086000
21600,14867256000
25200,13814868000
28800,14010930000
32400,11638506000
36000,13452510000
39600,10621788000
43200,11214156000
46800,9628440000
50400,9760419000
54000,11007762000
57600,9025248000
61200,10317240000
64800,9408270000
68400,11389923000
72000,10094610000
75600,10072962000
79200,10179726000
82800,10029174000
86400,11416491000
90000,11150688000
93600,12035550000
97200,12734190000
100800,12587820000
104400,14401086000
108000,14867256000
111600,13814868000
115200,14010930000
118800,11638506000
122400,13452510000
126000,10621788000
129600,11214156000
133200,9628440000
136800,9760419000
140400,11007762000
144000,9025248000
147600,10317240000
151200,9408270000
154800,11389923000
158400,10094610000
162000,10072962000
165600,10179726000
169200,10029174000
172800,11416491000
176400,11150688000
180000,12035550000
183600,12734190000
187200,12587820000
190800,14401086000
194400,14867256000
198000,13814868000
201600,14010930000
205200,11638506000
208800,13452510000
212400,10621788000
216000,11214156000
219600,9628440000
223200,9760419000
226800,11007762000
230400,9025248000
234000,10317240000
237600,9408270000
241200,11389923000
244800,10094610000
248400,10072962000
252000,10179726000
255600,10029174000
259200,11416491000
262800,11150688000
266400,12035550000
270000,12734190000
273600,12587820000
277200,14401086000
280800,14867256000
284400,13814868000
288000,14010930000
291600,11638506000
295200,13452510000
298800,10621788000
302400,11214156000
306000,9628440000
309600,9760419000
313200,11007762000
316800,9025248000
320400,10317240000
324000,9408270000
327600,11389923000
331200,10094610000
334800,10072962000
338400,10179726000
342000,10029174000
345600,11416491000
349200,11150688000
352800,12035550000
356400,12734190000
360000,12587820000
363600,14401086000
367200,14867256000
370800,13814868000
374400,14010930000
378000,11638506000
381600,13452510000
385200,10621788000
388800,11214156000
392400,9628440000
396000,9760419000
399600,11007762000
403200,9025248000
406800,10317240000
410400,9408270000
414000,11389923000
417600,10094610000
421200,10072962000
424800,10179726000
428400,10029174000
432000,11416491000
435600,11150688000
439200,12035550000
442800,12734190000
446400,12587820000
450000,12886218000
453600,11248104000
457200,10831872000
460800,10557336000
464400,11582910000
468000,11485986000
471600,10737900000
475200,9965952000
478800,8463384000
482400,7529076000
486000,9215652000
489600,7886145000
493200,7777536000
496800,9386868000
500400,10651554000
504000,11126826000
507600,9941721000
511200,9440496000
514800,15301938000
518400,15870198000
522000,16117674000
525600,17762799000
529200,17830326000
532800,14632326000
536400,19007682000
540000,17945208000
543600,16822341000
547200,15379428000
550800,17558250000
554400,15244620000
558000,14665044000
561600,13976244000
565200,14139834000
568800,13486212000
572400,14008962000
576000,14490630000
579600,11798037000
583200,10569144000
586800,11807016000
590400,13162722000
594000,12930744000
597600,12076140000
601200,15301938000
604800,15870198000
608400,16117674000
612000,17762799000
615600,17202165000
619200,16676832000
622800,14686938000
626400,17945208000
630000,15540066000
633600,13478340000
637200,15356796000
640800,13766160000
644400,15188286000
648000,14629374000
651600,13723479000
655200,14222490000
658800,11834814000
662400,12537636000
666000,13188552000
669600,10569144000
673200,11807016000
676800,13162722000
680400,12930744000
684000,12076140000
687600,13483788900
691200,13784031900
694800,13813010700
698400,14291775900
702000,17202165000
705600,16676832000
709200,14686938000
712800,15024843600
716400,15540066000
720000,13478340000
723600,15356796000
727200,13766160000
730800,15188286000
734400,14629374000
738000,13723479000
741600,14222490000
745200,11834814000
748800,12537636000
752400,13188552000
756000,13617804428.5714
759600,13356057500
763200,13101394200
766800,12945873000
770400,12520334000
774000,12863094000
777600,13188552000
781200,15253230000
784800,15253230000
788400,14890626000
792000,15046303000
795600,14613660750
799200,14555598600
802800,14555598600
806400,15253230000
810000,14057301000
813600,14528022000
817200,15357657000
820800,13315734000
824400,14323350000
828000,13860009000
831600,13593468000
835200,12029646000
838800,13279520750
842400,12671214000
846000,13768128000
849600,13832580000
853200,13787070000
856800,12599874000
860400,9547506000
864000,12701062000
867600,13065657428.5714
871200,13131398000
874800,13258047000
878400,13512226500
882000,13433670500
885600,13720916500
889200,14555598600
892800,15253230000
896400,14057301000
9e+05,14528022000
903600,15357657000
907200,13315734000
910800,14323350000
914400,13600222750
918000,13593468000
921600,12029646000
925200,10742574000
928800,12671214000
932400,13768128000
936000,13832580000
939600,13787070000
943200,12599874000
946800,9547506000
950400,9953898000
954000,10750323000
957600,12380934000
961200,13006020000
964800,14897268000
968400,14736384000
972000,13443900000
975600,14458404000
979200,15361470000
982800,14996406000
986400,14060745000
990000,14241862500
993600,12863586000
997200,13468254000
1000800,12720168000
1004400,10656843000
1008000,11805417000
1011600,10742574000
1015200,10714776000
1018800,11450316000
1022400,10675785000
1026000,9842952000
1029600,9305688000
1033200,11722146000
1036800,9953898000
1040400,10750323000
1044000,12380934000
1047600,13006020000
1051200,14897268000
1054800,14736384000
1058400,13443900000
1062000,14458404000
1065600,15469710000
1069200,14996406000
1072800,13593468000
1076400,13126068000
1080000,12411438000
1083600,12613158000
1087200,12720168000
1090800,12565434000
1094400,11581188000
1098000,11519688000
1101600,11942316000
1105200,10735932000
1108800,11102964000
1112400,12680685000
1116000,12252030000
1119600,12540342000
1123200,12702456000
1126800,13795926000
1130400,15094191000
1134000,16010418000
1137600,15397386000
1141200,14615352000
1144800,14359758000
1148400,15333918000
1152000,12385915500
1155600,13450050000
1159200,12065316000
1162800,13047594000
1166400,13293840000
1170000,9925485000
1173600,12904914000
1177200,11432358000
1180800,10886730000
1184400,11493981000
1188000,9527334000
1191600,11424486000
1195200,9568908000
1198800,8624514000
1202400,8977647000
1206000,9063870000
1209600,10587102000
1213200,10736670000
1216800,13345500000
1220400,12217221000
1224000,11196444000
1227600,11854494000
1231200,12218328000
1234800,10485750000
1238400,9302121000
1242000,9208518000
1245600,8588106000
1249200,8717748000
1252800,7268070000
1256400,7237812000
1260000,8298810000
1263600,6566478000
1267200,7804842000
1270800,5780754000
1274400,8160066000
1278000,6319494000
1281600,5306466000
1285200,5631924000
1288800,6019374000
1292400,6056520000
1296000,5967714000
1299600,8765226000
1303200,10320438000
1306800,9904452000
1310400,12154614000
1314000,12823488000
1317600,11513538000
1321200,11186358000
1324800,11652774000
1328400,9757590000
1332000,9480840000
1335600,8726850000
1339200,8912088000
1342800,8235342000
1346400,9497814000
1350000,8488107000
1353600,9040008000
1357200,9916260000
1360800,8227470000
1364400,9416634000
1368000,7858839000
1371600,7731472500
1375200,7559580000
1378800,9024264000
1382400,10146024000
1386000,11304561000
1389600,10209492000
1393200,12157812000
1396800,13718436000
1400400,12738126000
1404000,11599146000
1407600,11549208000
1411200,9279858000
1414800,10435320000
1418400,10149960000
1422000,9318603000
1425600,9632622000
1429200,8869530000
1432800,7224528000
1436400,8314554000
1440000,8241369000
1443600,5922204000
1447200,8998434000
1450800,8809014000
1454400,7754166000
1458000,9831021000
1461600,8546532000
1465200,8655510000
1468800,8556864000
1472400,10005558000
1476000,7817142000
1479600,10807395000
1483200,9046896000
1486800,9815154000
1490400,10017366000
1494000,11680080000
1497600,10677261000
1501200,9662388000
1504800,10078620000
1508400,8.487e+09
1512000,7969416000
1515600,8675313000
1519200,9141114000
1522800,7674462000
1526400,6354180000
1530000,8495118000
1533600,7625262000
1537200,8424024000
1540800,8435586000
1544400,7642728000
1548000,7678890000
1551600,5969190000
1555200,9175800000
1558800,9063870000
1562400,8919222000
1566000,10203588000
1569600,9666324000
1573200,9484038000
1576800,9912078000
1580400,7819110000
1584000,8074704000
1587600,6308670000
1591200,8672238000
1594800,6487266000
1598400,6911862000
1602000,5831184000
1605600,6711126000
1609200,9097818000
1612800,9791292000
1616400,8237310000
1620000,8237310000
1623600,10106418000
1627200,7156755000
1630800,7263150000
1634400,6006828000
1638000,7898076000
1641600,7364256000
1645200,9129429000
1648800,8697822000
1652400,9813186000
1656000,10035324000
1659600,9969888000
1663200,9883419000
1666800,8840748000
1670400,6552702000
1674000,8562768000
1677600,7574586000
1681200,7332768000
1684800,8870514000
1688400,9062886000
1692000,6282840000
1695600,8124396000
1699200,7246299000
1702800,7459458000
1706400,7332522000
1710000,7473480000
1713600,6761064000
1717200,7753182000
1720800,7826736000
1724400,8110374000
1728000,8318736000
1731600,8840748000
1735200,10184031000
1738800,11725836000
1742400,10932978000
1746000,13656198000
1749600,10916926500
1753200,13082526000
1756800,11239986000
1760400,11880816000
1764000,10491654000
1767600,9438036000
1771200,9724011000
1774800,11763474000
1778400,10495836000
1782000,8366460000
1785600,8066832000
1789200,9383916000
1792800,9257472000
1796400,10188090000
1800000,10839006000
1803600,8894376000
1807200,9779238000
1810800,9725856000
1814400,9955866000
1818000,12353136000
1821600,10336920000
1825200,12232104000
1828800,12524844000
1832400,15960972000
1836000,11950434000
1839600,12934680000
1843200,12424722000
1846800,11145645000
1850400,14101458000
1854000,9438036000
1857600,12946488000
1861200,11664582000
1864800,10685256000
1868400,10057218000
1872000,10999890000
1875600,8488968000
1879200,9646644000
1882800,9448122000
1886400,10698048000
1890000,9028200000
1893600,8574822000
1897200,8679864000
1900800,8066709000
1904400,10761762000
1908000,12724350000
1911600,13371084000
1915200,12524844000
1918800,12523860000
1922400,11950434000
1926000,11297550000
1929600,12424722000
1933200,11145645000
1936800,14101458000
1940400,13866282000
1944000,12946488000
1947600,11664582000
1951200,11825220000
1954800,10057218000
1958400,10999890000
1962000,8488968000
1965600,9646644000
1969200,9448122000
1972800,10698048000
1976400,9028200000
1980000,8574822000
1983600,8679864000
1987200,8066709000
1990800,12176508000
1994400,12724350000
1998000,15496524000
2001600,11243466900
2005200,12523860000
2008800,11910705000
2012400,11297550000
2016000,11939733000
2019600,12581916000
2023200,13224099000
2026800,13866282000
