0,4.903518e+13
3600,4.90278e+13
7200,4.903026e+13
10800,4.902534e+13
14400,4.90401e+13
18000,4.905486e+13
21600,4.904502e+13
25200,4.901796e+13
28800,4.89909e+13
32400,4.895892e+13
36000,4.896384e+13
39600,4.897368e+13
43200,4.912866e+13
46800,4.912866e+13
50400,4.911144e+13
54000,4.910652e+13
57600,4.911144e+13
61200,4.910652e+13
64800,4.90893e+13
68400,4.911144e+13
72000,4.908684e+13
75600,4.905732e+13
79200,4.906224e+13
82800,4.90524e+13
86400,4.903518e+13
90000,4.90278e+13
93600,4.903026e+13
97200,4.902534e+13
100800,4.90401e+13
104400,4.905486e+13
108000,4.904502e+13
111600,4.901796e+13
115200,4.89909e+13
118800,4.895892e+13
122400,4.896384e+13
126000,4.897368e+13
129600,4.912866e+13
133200,4.912866e+13
136800,4.911144e+13
140400,4.910652e+13
144000,4.911144e+13
147600,4.910652e+13
151200,4.90893e+13
154800,4.911144e+13
158400,4.908684e+13
162000,4.905732e+13
165600,4.906224e+13
169200,4.90524e+13
172800,4.903518e+13
176400,4.90278e+13
180000,4.903026e+13
183600,4.902534e+13
187200,4.90401e+13
190800,4.905486e+13
194400,4.904502e+13
198000,4.901796e+13
201600,4.89909e+13
205200,4.895892e+13
208800,4.896384e+13
212400,4.897368e+13
216000,4.912866e+13
219600,4.912866e+13
223200,4.911144e+13
226800,4.910652e+13
230400,4.911144e+13
234000,4.910652e+13
237600,4.90893e+13
241200,4.911144e+13
244800,4.908684e+13
248400,4.905732e+13
252000,4.906224e+13
255600,4.90524e+13
259200,4.903518e+13
262800,4.90278e+13
266400,4.903026e+13
270000,4.902534e+13
273600,4.90401e+13
277200,4.905486e+13
280800,4.904502e+13
284400,4.901796e+13
288000,4.89909e+13
291600,4.895892e+13
295200,4.896384e+13
298800,4.897368e+13
302400,4.912866e+13
306000,4.912866e+13
309600,4.911144e+13
313200,4.910652e+13
316800,4.911144e+13
320400,4.910652e+13
324000,4.90893e+13
327600,4.911144e+13
331200,4.908684e+13
334800,4.905732e+13
338400,4.906224e+13
342000,4.90524e+13
345600,4.903518e+13
349200,4.90278e+13
352800,4.903026e+13
356400,4.902534e+13
360000,4.90401e+13
363600,4.905486e+13
367200,4.904502e+13
370800,4.901796e+13
374400,4.89909e+13
378000,4.895892e+13
381600,4.896384e+13
385200,4.897368e+13
388800,4.898352e+13
392400,4.897614e+13
396000,4.896876e+13
399600,4.898106e+13
403200,4.899582e+13
406800,4.899582e+13
410400,4.898352e+13
414000,4.899336e+13
417600,4.898598e+13
421200,4.899582e+13
424800,4.902042e+13
428400,4.902288e+13
432000,4.898844e+13
435600,4.891464e+13
439200,4.88802e+13
442800,4.886052e+13
446400,4.886052e+13
450000,4.883838e+13
453600,4.884084e+13
457200,4.881624e+13
460800,4.877934e+13
464400,4.876458e+13
468000,4.87572e+13
471600,4.871538e+13
475200,4.870308e+13
478800,4.870554e+13
482400,4.870062e+13
486000,4.871538e+13
489600,4.87203e+13
493200,4.877442e+13
496800,4.878918e+13
500400,4.88064e+13
504000,4.880394e+13
507600,4.879164e+13
511200,4.87449e+13
514800,4.875966e+13
518400,4.874244e+13
522000,4.873506e+13
525600,4.87203e+13
529200,4.871538e+13
532800,4.86834e+13
536400,4.86588e+13
540000,4.865634e+13
543600,4.865388e+13
547200,4.865388e+13
550800,4.869078e+13
554400,4.874982e+13
558000,4.871538e+13
561600,4.871292e+13
565200,4.869324e+13
568800,4.865142e+13
572400,4.863912e+13
576000,4.860468e+13
579600,4.857024e+13
583200,4.85604e+13
586800,4.855302e+13
590400,4.855302e+13
594000,4.855056e+13
597600,4.854318e+13
601200,4.853826e+13
604800,4.84866e+13
608400,4.845462e+13
612000,4.84374e+13
615600,4.84128e+13
619200,4.837836e+13
622800,4.837098e+13
626400,4.837836e+13
630000,4.83759e+13
633600,4.837344e+13
637200,4.838082e+13
640800,4.83882e+13
644400,4.838328e+13
648000,4.838328e+13
651600,4.83882e+13
655200,4.839558e+13
658800,4.840542e+13
662400,4.840542e+13
666000,4.841034e+13
669600,4.841034e+13
673200,4.841034e+13
676800,4.841034e+13
680400,4.841034e+13
684000,4.840542e+13
687600,4.840788e+13
691200,4.84005e+13
694800,4.839804e+13
698400,4.84005e+13
702000,4.839558e+13
705600,4.839558e+13
709200,4.839312e+13
712800,4.839558e+13
716400,4.84005e+13
720000,4.840542e+13
723600,4.841526e+13
727200,4.84251e+13
730800,4.84374e+13
734400,4.84497e+13
738000,4.84497e+13
741600,4.843986e+13
745200,4.844232e+13
748800,4.844232e+13
752400,4.843986e+13
756000,4.844724e+13
759600,4.84374e+13
763200,4.844724e+13
766800,4.844724e+13
770400,4.845216e+13
774000,4.84497e+13
777600,4.844232e+13
781200,4.843986e+13
784800,4.844232e+13
788400,4.843986e+13
792000,4.844232e+13
795600,4.843986e+13
799200,4.844232e+13
802800,4.844478e+13
806400,4.84374e+13
810000,4.843248e+13
813600,4.843002e+13
817200,4.843002e+13
820800,4.84251e+13
824400,4.842756e+13
828000,4.84251e+13
831600,4.84251e+13
835200,4.84251e+13
838800,4.84128e+13
842400,4.839558e+13
846000,4.839558e+13
849600,4.839066e+13
853200,4.83882e+13
856800,4.838328e+13
860400,4.837344e+13
864000,4.836114e+13
867600,4.835868e+13
871200,4.835622e+13
874800,4.834638e+13
878400,4.833654e+13
882000,4.831194e+13
885600,4.829964e+13
889200,4.829718e+13
892800,4.829964e+13
896400,4.83021e+13
9e+05,4.829718e+13
903600,4.829226e+13
907200,4.82898e+13
910800,4.83021e+13
914400,4.830948e+13
918000,4.83144e+13
921600,4.831686e+13
925200,4.831686e+13
928800,4.832178e+13
932400,4.83267e+13
936000,4.834884e+13
939600,4.83882e+13
943200,4.843248e+13
946800,4.843002e+13
950400,4.845954e+13
954000,4.845954e+13
957600,4.844724e+13
961200,4.843986e+13
964800,4.843986e+13
968400,4.843986e+13
972000,4.848414e+13
975600,4.849152e+13
979200,4.850382e+13
982800,4.855794e+13
986400,4.858254e+13
990000,4.854564e+13
993600,4.854318e+13
997200,4.857516e+13
1000800,4.864404e+13
1004400,4.865634e+13
1008000,4.864404e+13
1011600,4.860468e+13
1015200,4.85604e+13
1018800,4.855794e+13
1022400,4.858992e+13
1026000,4.859484e+13
1029600,4.857516e+13
1033200,4.853826e+13
1036800,4.85481e+13
1040400,4.859484e+13
1044000,4.858254e+13
1047600,4.856532e+13
1051200,4.858746e+13
1054800,4.863666e+13
1058400,4.865634e+13
1062000,4.856778e+13
1065600,4.845954e+13
1069200,4.846692e+13
1072800,4.84866e+13
1076400,4.852842e+13
1080000,4.859976e+13
1083600,4.860468e+13
1087200,4.85358e+13
1090800,4.853826e+13
1094400,4.863912e+13
1098000,4.86957e+13
1101600,4.87326e+13
1105200,4.87203e+13
1108800,4.869324e+13
1112400,4.871292e+13
1116000,4.870062e+13
1119600,4.871292e+13
1123200,4.866864e+13
1126800,4.865634e+13
1130400,4.866618e+13
1134000,4.863666e+13
1137600,4.86219e+13
1141200,4.858746e+13
1144800,4.855794e+13
1148400,4.854318e+13
1152000,4.855056e+13
1155600,4.861452e+13
1159200,4.860468e+13
1162800,4.860468e+13
1166400,4.862928e+13
1170000,4.868586e+13
1173600,4.872522e+13
1177200,4.87326e+13
1180800,4.872768e+13
1184400,4.871046e+13
1188000,4.874982e+13
1191600,4.87695e+13
1195200,4.877688e+13
1198800,4.879164e+13
1202400,4.87695e+13
1206000,4.875474e+13
1209600,4.874736e+13
1213200,4.874982e+13
1216800,4.87695e+13
1220400,4.877934e+13
1224000,4.880394e+13
1227600,4.883838e+13
1231200,4.889988e+13
1234800,4.893432e+13
1238400,4.894662e+13
1242000,4.89417e+13
1245600,4.894662e+13
1249200,4.89417e+13
1252800,4.894662e+13
1256400,4.893678e+13
1260000,4.89294e+13
1263600,4.892448e+13
1267200,4.893924e+13
1270800,4.894908e+13
1274400,4.895892e+13
1278000,4.8954e+13
1281600,4.894662e+13
1285200,4.895154e+13
1288800,4.896876e+13
1292400,4.895892e+13
1296000,4.89417e+13
1299600,4.892448e+13
1303200,4.889742e+13
1306800,4.887282e+13
1310400,4.885806e+13
1314000,4.885314e+13
1317600,4.885314e+13
1321200,4.886052e+13
1324800,4.884084e+13
1328400,4.8831e+13
1332000,4.882116e+13
1335600,4.881624e+13
1339200,4.881132e+13
1342800,4.880886e+13
1346400,4.88064e+13
1350000,4.880148e+13
1353600,4.878918e+13
1357200,4.877196e+13
1360800,4.87572e+13
1364400,4.876458e+13
1368000,4.878426e+13
1371600,4.881624e+13
1375200,4.887036e+13
1378800,4.887528e+13
1382400,4.887282e+13
1386000,4.888512e+13
1389600,4.888512e+13
1393200,4.89048e+13
1396800,4.889496e+13
1400400,4.888758e+13
1404000,4.890726e+13
1407600,4.891218e+13
1411200,4.893678e+13
1414800,4.89294e+13
1418400,4.893186e+13
1422000,4.893186e+13
1425600,4.893432e+13
1429200,4.892202e+13
1432800,4.886298e+13
1436400,4.88433e+13
1440000,4.884084e+13
1443600,4.883592e+13
1447200,4.884576e+13
1450800,4.884576e+13
1454400,4.883838e+13
1458000,4.884576e+13
1461600,4.885314e+13
1465200,4.88679e+13
1468800,4.889496e+13
1472400,4.889988e+13
1476000,4.888512e+13
1479600,4.885314e+13
1483200,4.881624e+13
1486800,4.878672e+13
1490400,4.87695e+13
1494000,4.875228e+13
1497600,4.87449e+13
1501200,4.875228e+13
1504800,4.874982e+13
1508400,4.873998e+13
1512000,4.873752e+13
1515600,4.873506e+13
1519200,4.872768e+13
1522800,4.873752e+13
1526400,4.872522e+13
1530000,4.872276e+13
1533600,4.87203e+13
1537200,4.871784e+13
1540800,4.872276e+13
1544400,4.871538e+13
1548000,4.870062e+13
1551600,4.869816e+13
1555200,4.869324e+13
1558800,4.868832e+13
1562400,4.869078e+13
1566000,4.869693e+13
1569600,4.870308e+13
1573200,4.87203e+13
1576800,4.87326e+13
1580400,4.873506e+13
1584000,4.873506e+13
1587600,4.875228e+13
1591200,4.876704e+13
1594800,4.877196e+13
1598400,4.87695e+13
1602000,4.875966e+13
1605600,4.871046e+13
1609200,4.86834e+13
1612800,4.871046e+13
1616400,4.873998e+13
1620000,4.87449e+13
1623600,4.874982e+13
1627200,4.875228e+13
1630800,4.874736e+13
1634400,4.873014e+13
1638000,4.872276e+13
1641600,4.870062e+13
1645200,4.872522e+13
1648800,4.87326e+13
1652400,4.876704e+13
1656000,4.88433e+13
1659600,4.888266e+13
1663200,4.889004e+13
1666800,4.889742e+13
1670400,4.891218e+13
1674000,4.890234e+13
1677600,4.888512e+13
1681200,4.885314e+13
1684800,4.8831e+13
1688400,4.882116e+13
1692000,4.880394e+13
1695600,4.88187e+13
1699200,4.883838e+13
1702800,4.8831e+13
1706400,4.881378e+13
1710000,4.88064e+13
1713600,4.880394e+13
1717200,4.880148e+13
1720800,4.882116e+13
1724400,4.8831e+13
1728000,4.882116e+13
1731600,4.879902e+13
1735200,4.877688e+13
1738800,4.875228e+13
1742400,4.874244e+13
1746000,4.874244e+13
1749600,4.874982e+13
1753200,4.876458e+13
1756800,4.876704e+13
1760400,4.876704e+13
1764000,4.876458e+13
1767600,4.876212e+13
1771200,4.87572e+13
1774800,4.874736e+13
1778400,4.873014e+13
1782000,4.87326e+13
1785600,4.873506e+13
1789200,4.87449e+13
1792800,4.874244e+13
1796400,4.873014e+13
1800000,4.872768e+13
1803600,4.871784e+13
1807200,4.87203e+13
1810800,4.872276e+13
1814400,4.872522e+13
1818000,4.872768e+13
1821600,4.872276e+13
1825200,4.871784e+13
1828800,4.871046e+13
1832400,4.869816e+13
1836000,4.868832e+13
1839600,4.867356e+13
1843200,4.866618e+13
1846800,4.867848e+13
1850400,4.868094e+13
1854000,4.868586e+13
1857600,4.868094e+13
1861200,4.867356e+13
1864800,4.866864e+13
1868400,4.86711e+13
1872000,4.867602e+13
1875600,4.866618e+13
1879200,4.863174e+13
1882800,4.86219e+13
1886400,4.859484e+13
1890000,4.857762e+13
1893600,4.857516e+13
1897200,4.855794e+13
1900800,4.851612e+13
1904400,4.848906e+13
1908000,4.848168e+13
1911600,4.846692e+13
1915200,4.843986e+13
1918800,4.842018e+13
1922400,4.840296e+13
1926000,4.839804e+13
1929600,4.83882e+13
1933200,4.83882e+13
1936800,4.84005e+13
1940400,4.84005e+13
1944000,4.839066e+13
1947600,4.838574e+13
1951200,4.839558e+13
1954800,4.839804e+13
1958400,4.839066e+13
1962000,4.839312e+13
1965600,4.839066e+13
1969200,4.840296e+13
1972800,4.840296e+13
1976400,4.840296e+13
1980000,4.840542e+13
1983600,4.839558e+13
1987200,4.840296e+13
1990800,4.839804e+13
1994400,4.839066e+13
1998000,4.839558e+13
2001600,4.839312e+13
2005200,4.839066e+13
2008800,4.840542e+13
2012400,4.839312e+13
2016000,4.838574e+13
2019600,4.838082e+13
2023200,4.839312e+13
2026800,4.839558e+13
