0,2.69616e+12
3600,2.68878e+12
7200,2.68386e+12
10800,2.67648e+12
14400,2.68878e+12
18000,2.71338e+12
21600,2.70354e+12
25200,2.67894e+12
28800,2.6568e+12
32400,2.64204e+12
36000,2.63712e+12
39600,2.64204e+12
43200,2.73798e+12
46800,2.73798e+12
50400,2.73552e+12
54000,2.72814e+12
57600,2.75028e+12
61200,2.76012e+12
64800,2.75028e+12
68400,2.77488e+12
72000,2.76504e+12
75600,2.7429e+12
79200,2.74536e+12
82800,2.72814e+12
86400,2.69616e+12
90000,2.68878e+12
93600,2.68386e+12
97200,2.67648e+12
100800,2.68878e+12
104400,2.71338e+12
108000,2.70354e+12
111600,2.67894e+12
115200,2.6568e+12
118800,2.64204e+12
122400,2.63712e+12
126000,2.64204e+12
129600,2.73798e+12
133200,2.73798e+12
136800,2.73552e+12
140400,2.72814e+12
144000,2.75028e+12
147600,2.76012e+12
151200,2.75028e+12
154800,2.77488e+12
158400,2.76504e+12
162000,2.7429e+12
165600,2.74536e+12
169200,2.72814e+12
172800,2.69616e+12
176400,2.68878e+12
180000,2.68386e+12
183600,2.67648e+12
187200,2.68878e+12
190800,2.71338e+12
194400,2.70354e+12
198000,2.67894e+12
201600,2.6568e+12
205200,2.64204e+12
208800,2.63712e+12
212400,2.64204e+12
216000,2.73798e+12
219600,2.73798e+12
223200,2.73552e+12
226800,2.72814e+12
230400,2.75028e+12
234000,2.76012e+12
237600,2.75028e+12
241200,2.77488e+12
244800,2.76504e+12
248400,2.7429e+12
252000,2.74536e+12
255600,2.72814e+12
259200,2.69616e+12
262800,2.68878e+12
266400,2.68386e+12
270000,2.67648e+12
273600,2.68878e+12
277200,2.71338e+12
280800,2.70354e+12
284400,2.67894e+12
288000,2.6568e+12
291600,2.64204e+12
295200,2.63712e+12
298800,2.64204e+12
302400,2.73798e+12
306000,2.73798e+12
309600,2.73552e+12
313200,2.72814e+12
316800,2.75028e+12
320400,2.76012e+12
324000,2.75028e+12
327600,2.77488e+12
331200,2.76504e+12
334800,2.7429e+12
338400,2.74536e+12
342000,2.72814e+12
345600,2.69616e+12
349200,2.68878e+12
352800,2.68386e+12
356400,2.67648e+12
360000,2.68878e+12
363600,2.71338e+12
367200,2.70354e+12
370800,2.67894e+12
374400,2.6568e+12
378000,2.64204e+12
381600,2.63712e+12
385200,2.64204e+12
388800,2.64204e+12
392400,2.63466e+12
396000,2.62728e+12
399600,2.63712e+12
403200,2.65188e+12
406800,2.6568e+12
410400,2.63958e+12
414000,2.63712e+12
417600,2.61744e+12
421200,2.62974e+12
424800,2.65926e+12
428400,2.66664e+12
432000,2.63712e+12
435600,2.6076e+12
439200,2.583e+12
442800,2.56086e+12
446400,2.5584e+12
450000,2.56086e+12
453600,2.57316e+12
457200,2.55348e+12
460800,2.52888e+12
464400,2.53134e+12
468000,2.50674e+12
471600,2.49444e+12
475200,2.49198e+12
478800,2.4846e+12
482400,2.46738e+12
486000,2.48706e+12
489600,2.4969e+12
493200,2.52396e+12
496800,2.56824e+12
500400,2.55594e+12
504000,2.53626e+12
507600,2.53626e+12
511200,2.52396e+12
514800,2.5338e+12
518400,2.52888e+12
522000,2.52642e+12
525600,2.51658e+12
529200,2.50674e+12
532800,2.48214e+12
536400,2.4723e+12
540000,2.45508e+12
543600,2.44032e+12
547200,2.45508e+12
550800,2.46e+12
554400,2.48214e+12
558000,2.45262e+12
561600,2.44032e+12
565200,2.42064e+12
568800,2.40588e+12
572400,2.39358e+12
576000,2.38128e+12
579600,2.35668e+12
583200,2.3616e+12
586800,2.35422e+12
590400,2.35176e+12
594000,2.3616e+12
597600,2.3493e+12
601200,2.39358e+12
604800,2.31732e+12
608400,2.27796e+12
612000,2.2755e+12
615600,2.24598e+12
619200,2.20416e+12
622800,2.2017e+12
626400,2.2017e+12
630000,2.20908e+12
633600,2.20908e+12
637200,2.2263e+12
640800,2.21892e+12
644400,2.22138e+12
648000,2.22876e+12
651600,2.20908e+12
655200,2.2386e+12
658800,2.25828e+12
662400,2.27304e+12
666000,2.29272e+12
669600,2.30994e+12
673200,2.3247e+12
676800,2.33946e+12
680400,2.3124e+12
684000,2.32224e+12
687600,2.32716e+12
691200,2.3985e+12
694800,2.39358e+12
698400,2.29764e+12
702000,2.34438e+12
705600,2.33946e+12
709200,2.31732e+12
712800,2.30994e+12
716400,2.29764e+12
720000,2.32716e+12
723600,2.32962e+12
727200,2.32716e+12
730800,2.33208e+12
734400,2.337e+12
738000,2.33946e+12
741600,2.37882e+12
745200,2.36652e+12
748800,2.38866e+12
752400,2.36898e+12
756000,2.33454e+12
759600,2.3493e+12
763200,2.30748e+12
766800,2.29026e+12
770400,2.2878e+12
774000,2.29026e+12
777600,2.3247e+12
781200,2.31732e+12
784800,2.30502e+12
788400,2.3001e+12
792000,2.3124e+12
795600,2.2755e+12
799200,2.26812e+12
802800,2.26566e+12
806400,2.2755e+12
810000,2.26566e+12
813600,2.26566e+12
817200,2.28288e+12
820800,2.30748e+12
824400,2.2878e+12
828000,2.28534e+12
831600,2.27796e+12
835200,2.26812e+12
838800,2.26566e+12
842400,2.25336e+12
846000,2.24598e+12
849600,2.24598e+12
853200,2.2632e+12
856800,2.25828e+12
860400,2.2509e+12
864000,2.25828e+12
867600,2.25336e+12
871200,2.24106e+12
874800,2.2263e+12
878400,2.20908e+12
882000,2.17464e+12
885600,2.14758e+12
889200,2.14266e+12
892800,2.13282e+12
896400,2.13528e+12
9e+05,2.14266e+12
903600,2.13774e+12
907200,2.14512e+12
910800,2.15988e+12
914400,2.15988e+12
918000,2.1648e+12
921600,2.16972e+12
925200,2.17956e+12
928800,2.18448e+12
932400,2.19924e+12
936000,2.21892e+12
939600,2.24352e+12
943200,2.2509e+12
946800,2.24598e+12
950400,2.26074e+12
954000,2.25582e+12
957600,2.26074e+12
961200,2.25582e+12
964800,2.2509e+12
968400,2.25582e+12
972000,2.2509e+12
975600,2.24598e+12
979200,2.24844e+12
982800,2.28288e+12
986400,2.30256e+12
990000,2.28288e+12
993600,2.2878e+12
997200,2.30748e+12
1000800,2.34684e+12
1004400,2.35914e+12
1008000,2.36406e+12
1011600,2.3493e+12
1015200,2.33208e+12
1018800,2.33208e+12
1022400,2.35422e+12
1026000,2.35422e+12
1029600,2.34438e+12
1033200,2.33454e+12
1036800,2.34192e+12
1040400,2.41818e+12
1044000,2.38374e+12
1047600,2.41572e+12
1051200,2.4846e+12
1054800,2.58054e+12
1058400,2.60514e+12
1062000,2.53872e+12
1065600,2.48706e+12
1069200,2.54118e+12
1072800,2.60022e+12
1076400,2.61498e+12
1080000,2.6691e+12
1083600,2.67156e+12
1087200,2.63958e+12
1090800,2.64204e+12
1094400,2.706e+12
1098000,2.74044e+12
1101600,2.75274e+12
1105200,2.75028e+12
1108800,2.72814e+12
1112400,2.73552e+12
1116000,2.72076e+12
1119600,2.72568e+12
1123200,2.68386e+12
1126800,2.6814e+12
1130400,2.67648e+12
1134000,2.6199e+12
1137600,2.58054e+12
1141200,2.54856e+12
1144800,2.55102e+12
1148400,2.57316e+12
1152000,2.58546e+12
1155600,2.60022e+12
1159200,2.58792e+12
1162800,2.62482e+12
1166400,2.65434e+12
1170000,2.68386e+12
1173600,2.70108e+12
1177200,2.7183e+12
1180800,2.71092e+12
1184400,2.6814e+12
1188000,2.71338e+12
1191600,2.69862e+12
1195200,2.68386e+12
1198800,2.67156e+12
1202400,2.6568e+12
1206000,2.6445e+12
1209600,2.63466e+12
1213200,2.61744e+12
1216800,2.59284e+12
1220400,2.58054e+12
1224000,2.56824e+12
1227600,2.57808e+12
1231200,2.61252e+12
1234800,2.61498e+12
1238400,2.62236e+12
1242000,2.61006e+12
1245600,2.62482e+12
1249200,2.62482e+12
1252800,2.61744e+12
1256400,2.61252e+12
1260000,2.60514e+12
1263600,2.60268e+12
1267200,2.61498e+12
1270800,2.62236e+12
1274400,2.6322e+12
1278000,2.63466e+12
1281600,2.62728e+12
1285200,2.63958e+12
1288800,2.6322e+12
1292400,2.61498e+12
1296000,2.60514e+12
1299600,2.60514e+12
1303200,2.59038e+12
1306800,2.59038e+12
1310400,2.58792e+12
1314000,2.59038e+12
1317600,2.59776e+12
1321200,2.61006e+12
1324800,2.6199e+12
1328400,2.62728e+12
1332000,2.64204e+12
1335600,2.64204e+12
1339200,2.64942e+12
1342800,2.65926e+12
1346400,2.6568e+12
1350000,2.6691e+12
1353600,2.66664e+12
1357200,2.67402e+12
1360800,2.66664e+12
1364400,2.66418e+12
1368000,2.68632e+12
1371600,2.72076e+12
1375200,2.76012e+12
1378800,2.7675e+12
1382400,2.77242e+12
1386000,2.75766e+12
1389600,2.74782e+12
1393200,2.77488e+12
1396800,2.76504e+12
1400400,2.7429e+12
1404000,2.76258e+12
1407600,2.78964e+12
1411200,2.79702e+12
1414800,2.78718e+12
1418400,2.78964e+12
1422000,2.79456e+12
1425600,2.79948e+12
1429200,2.76996e+12
1432800,2.7306e+12
1436400,2.72568e+12
1440000,2.69862e+12
1443600,2.71092e+12
1447200,2.71092e+12
1450800,2.71092e+12
1454400,2.70108e+12
1458000,2.71092e+12
1461600,2.73306e+12
1465200,2.73552e+12
1468800,2.75028e+12
1472400,2.75274e+12
1476000,2.73306e+12
1479600,2.72814e+12
1483200,2.69616e+12
1486800,2.66664e+12
1490400,2.65926e+12
1494000,2.65188e+12
1497600,2.63958e+12
1501200,2.63958e+12
1504800,2.63958e+12
1508400,2.62974e+12
1512000,2.62482e+12
1515600,2.6322e+12
1519200,2.62236e+12
1522800,2.62728e+12
1526400,2.62482e+12
1530000,2.61744e+12
1533600,2.6199e+12
1537200,2.61252e+12
1540800,2.62974e+12
1544400,2.62728e+12
1548000,2.61744e+12
1551600,2.61252e+12
1555200,2.60268e+12
1558800,2.60022e+12
1562400,2.59284e+12
1566000,2.6076e+12
1569600,2.62236e+12
1573200,2.6076e+12
1576800,2.61498e+12
1580400,2.61744e+12
1584000,2.61498e+12
1587600,2.6199e+12
1591200,2.62236e+12
1594800,2.61744e+12
1598400,2.6199e+12
1602000,2.66172e+12
1605600,2.76258e+12
1609200,2.7552e+12
1612800,2.67894e+12
1616400,2.63958e+12
1620000,2.62974e+12
1623600,2.61498e+12
1627200,2.61006e+12
1630800,2.61006e+12
1634400,2.60268e+12
1638000,2.60022e+12
1641600,2.59038e+12
1645200,2.5953e+12
1648800,2.59284e+12
1652400,2.6076e+12
1656000,2.65188e+12
1659600,2.68632e+12
1663200,2.69862e+12
1666800,2.72322e+12
1670400,2.74782e+12
1674000,2.74782e+12
1677600,2.73798e+12
1681200,2.72076e+12
1684800,2.71338e+12
1688400,2.70846e+12
1692000,2.70108e+12
1695600,2.69862e+12
1699200,2.70846e+12
1702800,2.71092e+12
1706400,2.69862e+12
1710000,2.69616e+12
1713600,2.6937e+12
1717200,2.69616e+12
1720800,2.69616e+12
1724400,2.71338e+12
1728000,2.70354e+12
1731600,2.68632e+12
1735200,2.67402e+12
1738800,2.65434e+12
1742400,2.64942e+12
1746000,2.65434e+12
1749600,2.65434e+12
1753200,2.65434e+12
1756800,2.65434e+12
1760400,2.65188e+12
1764000,2.6691e+12
1767600,2.65926e+12
1771200,2.65434e+12
1774800,2.65188e+12
1778400,2.65188e+12
1782000,2.65434e+12
1785600,2.65188e+12
1789200,2.6568e+12
1792800,2.65188e+12
1796400,2.63712e+12
1800000,2.6445e+12
1803600,2.63466e+12
1807200,2.63958e+12
1810800,2.63712e+12
1814400,2.62728e+12
1818000,2.61498e+12
1821600,2.6076e+12
1825200,2.59776e+12
1828800,2.57808e+12
1832400,2.56824e+12
1836000,2.56578e+12
1839600,2.5461e+12
1843200,2.5338e+12
1846800,2.5461e+12
1850400,2.55594e+12
1854000,2.56332e+12
1857600,2.56086e+12
1861200,2.55348e+12
1864800,2.56824e+12
1868400,2.57562e+12
1872000,2.57316e+12
1875600,2.56332e+12
1879200,2.5461e+12
1882800,2.5461e+12
1886400,2.52642e+12
1890000,2.51658e+12
1893600,2.51904e+12
1897200,2.4846e+12
1900800,2.4477e+12
1904400,2.43048e+12
1908000,2.41572e+12
1911600,2.4108e+12
1915200,2.40342e+12
1918800,2.39112e+12
1922400,2.37882e+12
1926000,2.37144e+12
1929600,2.36898e+12
1933200,2.36898e+12
1936800,2.37636e+12
1940400,2.37636e+12
1944000,2.38128e+12
1947600,2.38374e+12
1951200,2.37882e+12
1954800,2.37144e+12
1958400,2.38128e+12
1962000,2.37882e+12
1965600,2.38374e+12
1969200,2.39604e+12
1972800,2.3985e+12
1976400,2.3985e+12
1980000,2.40342e+12
1983600,2.38866e+12
1987200,2.39112e+12
1990800,2.38374e+12
1994400,2.37636e+12
1998000,2.36652e+12
2001600,2.36898e+12
2005200,2.3616e+12
2008800,2.36898e+12
2012400,2.36406e+12
2016000,2.35914e+12
2019600,2.35668e+12
2023200,2.36406e+12
2026800,2.35422e+12
