0,368144344.6
3600,378055653.6
7200,343586691.975
10800,283618952.8
14400,168016799.475
18000,80336945.115
21600,17728775.2625
25200,12426578.844
28800,0
32400,0
36000,0
39600,0
43200,666636.777373432
46800,1495062.1164
50400,10946720.88
54000,0
57600,0
61200,747003.38
64800,0
68400,0
72000,64771386.1375
75600,114713263.03
79200,215301704.2
82800,322950898.5
86400,368144344.6
90000,378055653.6
93600,343586691.975
97200,283618952.8
100800,168016799.475
104400,80336945.115
108000,17728775.2625
111600,12426578.844
115200,0
118800,0
122400,0
126000,0
129600,666636.777373432
133200,1495062.1164
136800,10946720.88
140400,0
144000,0
147600,747003.38
151200,0
154800,0
158400,64771386.1375
162000,114713263.03
165600,215301704.2
169200,322950898.5
172800,368144344.6
176400,378055653.6
180000,343586691.975
183600,283618952.8
187200,168016799.475
190800,80336945.115
194400,17728775.2625
198000,12426578.844
201600,0
205200,0
208800,0
212400,0
216000,666636.777373432
219600,1495062.1164
223200,10946720.88
226800,0
230400,0
234000,747003.38
237600,0
241200,0
244800,64771386.1375
248400,114713263.03
252000,215301704.2
255600,322950898.5
259200,368144344.6
262800,378055653.6
266400,343586691.975
270000,283618952.8
273600,168016799.475
277200,80336945.115
280800,17728775.2625
284400,12426578.844
288000,0
291600,0
295200,0
298800,0
302400,666636.777373432
306000,1495062.1164
309600,10946720.88
313200,0
316800,0
320400,747003.38
324000,0
327600,0
331200,64771386.1375
334800,114713263.03
338400,215301704.2
342000,322950898.5
345600,368144344.6
349200,378055653.6
352800,343586691.975
356400,283618952.8
360000,168016799.475
363600,80336945.115
367200,17728775.2625
370800,12426578.844
374400,0
378000,0
381600,0
385200,0
388800,16378877.91
392400,0
396000,3471765.86675
399600,0
403200,5458249.975
406800,0
410400,3501893.246
414000,31397513.8835
417600,107436789.9575
421200,169001395.8
424800,301550668.2
428400,338101895.575
432000,368357230.225
435600,377753409.725
439200,271974174.45
442800,204943289.75
446400,136543068.3625
450000,71261834.635
453600,20209476.353
457200,0
460800,3224362.9585
464400,41685.0830000006
468000,21665131.548
471600,16609994.06475
475200,0
478800,5170334.69333333
482400,0
486000,3574596.89433333
489600,0
493200,10722622.991
496800,0
500400,12109404.7185
504000,27960488.06975
507600,86124762.04
511200,219626608.745625
514800,275703987.879167
518400,265016264.85
522000,242959533.25
525600,321149160.05
529200,243875794.7
532800,162802447.85
536400,55128398.3025
540000,41656267.3975
543600,33027166.73
547200,36000095.575
550800,40920882.2533333
554400,0
558000,58725494.215
561600,36368371.6325
565200,31718020.7266667
568800,9526871.5885
572400,0
576000,0
579600,0
583200,0
586800,1078849.098
590400,45036215.5666667
594000,127591749.495
597600,107586319.945
601200,170697245.525
604800,292941454.575
608400,404686664.825
612000,302041901.8
615600,315545818.15
619200,226856812.55
622800,106849412.6625
626400,12832288.2745
630000,0
633600,5941840.48175
637200,9476861.423
640800,0
644400,15662257.449
648000,20592520.1265
651600,42096266.78
655200,1609474.79957083
658800,0
662400,0
666000,0
669600,0
673200,7174653.109111
676800,69509655.0976157
680400,136798618.770245
684000,219626608.745625
687600,275703987.879167
691200,301840135.927451
694800,310276464.426471
698400,268340820.476435
702000,228013245.288177
705600,92615174.86
709200,45739862.325
712800,20938906.4725
716400,0
720000,0
723600,0
727200,0
730800,0
734400,0
738000,0
741600,1609474.79957083
745200,0
748800,0
752400,0
756000,0
759600,0
763200,23260205.76125
766800,51059711.335
770400,111495430.7575
774000,160626930.35
777600,219150938.55
781200,246824009.025
784800,101274853.2175
788400,102443560.7225
792000,78713801.795
795600,23329832.05925
799200,17322760.52225
802800,0
806400,0
810000,0
813600,0
817200,0
820800,16001396.4933333
824400,0
828000,23243037.7325
831600,7936684.352
835200,0
838800,0
842400,0
846000,7847729.6725
849600,48879934.851
853200,163107047.4
856800,278588770.45
860400,338863898.166667
864000,321860371.85
867600,462312768.2
871200,397894681.633333
874800,228013245.288177
878400,103471065.8
882000,59124642.1025
885600,13628215.72925
889200,8050049.125
892800,0
896400,3486107.16175
9e+05,0
903600,0
907200,0
910800,0
914400,0
918000,2114127.989
921600,0
925200,976947.156666667
928800,9195818.5145
932400,14949699.349175
936000,58355175.2925
939600,143726613.05
943200,244484934.45
946800,288028042.075
950400,347688449.65
954000,373724227.775
957600,343485765.275
961200,342200569.25
964800,236471681.475
968400,93344949.8575
972000,16544676.097
975600,0
979200,0
982800,0
986400,0
990000,0
993600,0
997200,0
1000800,0
1004400,0
1008000,410858.5345
1011600,0
1015200,0
1018800,3726473.041
1022400,85374277.37
1026000,160060047.825
1029600,247983985.5
1033200,325876827.8
1036800,352104657.5
1040400,397225347.35
1044000,412865893.3
1047600,298492956.775
1051200,153650119.545
1054800,43177121.085
1058400,0
1062000,0
1065600,0
1069200,1241171.63666667
1072800,0
1076400,0
1080000,0
1083600,0
1087200,0
1090800,0
1094400,0
1098000,0
1101600,0
1105200,0
1108800,54686683.23425
1112400,132862413.45
1116000,194444196.7
1119600,286933776.35
1123200,292228099.5
1126800,271484195.625
1130400,249561091.775
1134000,272260222.6
1137600,163949113.1
1141200,29640261.57
1144800,0
1148400,0
1152000,0
1155600,0
1159200,0
1162800,5436107.96433333
1166400,0
1170000,0
1173600,0
1177200,0
1180800,0
1184400,0
1188000,0
1191600,8638318.9195
1195200,99607886.2975
1198800,181512189.033333
1202400,314065856
1206000,331734182.725
1209600,386239261.7
1213200,335974884.675
1216800,251495307.5
1220400,182303924.9
1224000,97877591.24
1227600,66423604.9325
1231200,20968823.79475
1234800,22395333.8525
1238400,0
1242000,38697703.48
1245600,0
1249200,2614873.18541719
1252800,10645125.08
1256400,1495062.1164
1260000,38827045.6
1263600,0
1267200,0
1270800,0
1274400,0
1278000,7174653.109111
1281600,131302770.1
1285200,159803981.225
1288800,260718044.35
1292400,358984856.875
1296000,366872521.6
1299600,358684780.525
1303200,348310527.45
1306800,213314776.825
1310400,171438404.85
1314000,80119614.46
1317600,15899409.6195
1321200,5462178.98165
1324800,0
1328400,12670733.98425
1332000,4560339.709
1335600,1132481.3345
1339200,0
1342800,1612914.74925
1346400,2091764.518075
1350000,5077880.916375
1353600,1685125.591
1357200,2259510.125
1360800,0
1364400,49006602.9325
1368000,83482118.305
1371600,189691621.85
1375200,255483272.45
1378800,273394412.8
1382400,344255328.166667
1386000,331008075.95
1389600,267802197.2
1393200,257243879.6
1396800,136853452.9
1400400,54603579.9
1404000,3354500.9935
1407600,1707957.47625
1411200,0
1414800,0
1418400,0
1422000,0
1425600,0
1429200,0
1432800,0
1436400,1161469.10475
1440000,0
1443600,0
1447200,0
1450800,0
1454400,64732035.145
1458000,116781092.415
1461600,150535796
1465200,177524194.95
1468800,150728275.25
1472400,148149661.425
1476000,98692444.0275
1479600,89548543.555
1483200,39961290.4065
1486800,135905004.255
1490400,44820664.73
1494000,983386.279420588
1497600,0
1501200,2607651.91732878
1504800,0
1508400,2614873.18541719
1512000,666636.777373432
1515600,1495062.1164
1519200,1609474.79957083
1522800,0
1526400,0
1530000,0
1533600,0
1537200,7174653.109111
1540800,103987253.186667
1544400,112655137.2475
1548000,171348452.3775
1551600,295272699.975
1555200,329529623.475
1558800,287680843.925
1562400,145494614.6
1566000,187700009.8
1569600,57253299.13
1573200,50535498.96
1576800,18349167.06825
1580400,0
1584000,0
1587600,0
1591200,0
1594800,0
1598400,2566756.1125
1602000,13915667.3835
1605600,3868096.564
1609200,0
1612800,20248261.36925
1616400,21475300.985
1620000,5091515.43725
1623600,21901471.1975
1627200,73425195.0275
1630800,159872033.775
1634400,289697165.2
1638000,388486951.2
1641600,339814504.05
1645200,366827413.7
1648800,322501630.525
1652400,270422976.125
1656000,129261074.3325
1659600,58205461.0425
1663200,9821797.83
1666800,32940125.707
1670400,8384604.8988
1674000,10260398.69
1677600,18639055.0125
1681200,33109339.2525
1684800,14441173.17635
1688400,26438250.08975
1692000,3825016.23
1695600,7022420.06
1699200,36294460.792375
1702800,14113407.2366667
1706400,29166925.5785
1710000,20760968.954
1713600,99384724.3425
1717200,130551455.853333
1720800,170196843.425
1724400,181262119.725
1728000,222439870.725
1731600,154192716.075
1735200,208834971.65
1738800,228013245.288177
1742400,108491422.2375
1746000,25001435.187125
1749600,4515192.70025
1753200,0
1756800,3563773.97
1760400,6354307.83525
1764000,2113832.14025
1767600,18189865.215025
1771200,5742729.6575
1774800,0
1778400,0
1782000,0
1785600,0
1789200,0
1792800,0
1796400,0
1800000,36831777.53
1803600,136798618.770245
1807200,219626608.745625
1810800,275703987.879167
1814400,301840135.927451
1818000,310276464.426471
1821600,266404018.875
1825200,192876043.925
1828800,69694580.3075
1832400,44314285.2775
1836000,24710593.98925
1839600,8429155.89
1843200,10325572.97775
1846800,0
1850400,11891767.7255
1854000,16364266.81575
1857600,0
1861200,24551773.8925
1864800,0
1868400,0
1872000,0
1875600,0
1879200,0
1882800,0
1886400,42658875.5825
1890000,126462004.27
1893600,200544299.925
1897200,172524873.475
1900800,163911114.5
1904400,137155709.6
1908000,176764843.2725
1911600,191420605.133333
1915200,99095188.145
1918800,79385447.565
1922400,17115496.91
1926000,983386.279420588
1929600,0
1933200,2607651.91732878
1936800,0
1940400,2614873.18541719
1944000,666636.777373432
1947600,1495062.1164
1951200,1609474.79957083
1954800,0
1958400,0
1962000,0
1965600,0
1969200,7174653.109111
1972800,69509655.0976157
1976400,136798618.770245
1980000,219626608.745625
1983600,275703987.879167
1987200,301840135.927451
1990800,310276464.426471
1994400,268340820.476435
1998000,228013245.288177
2001600,128053494.124289
2005200,63285641.6470461
2008800,15942409.3836579
2012400,983386.279420588
2016000,0
2019600,2607651.91732878
2023200,0
2026800,2614873.18541719
