0,68937115.3025566
3600,106809287.715457
7200,87140551.803587
10800,72525466.1981905
14400,39751068.5917594
18000,7787308.02989762
21600,0
25200,0
28800,0
32400,0
36000,0
39600,0
43200,6883373.16320456
46800,7008972.05173765
50400,10383144.0106886
54000,24162031.6288196
57600,21341217.5143196
61200,24601865.4572684
64800,24431557.1657903
68400,37237997.4369938
72000,113633115.41873
75600,180316477.404776
79200,35626329.8684043
82800,55521152.4041533
86400,68937115.3025566
90000,106809287.715457
93600,87140551.803587
97200,72525466.1981905
100800,39751068.5917594
104400,7787308.02989762
108000,0
111600,0
115200,0
118800,0
122400,0
126000,0
129600,6883373.16320456
133200,7008972.05173765
136800,10383144.0106886
140400,24162031.6288196
144000,21341217.5143196
147600,24601865.4572684
151200,24431557.1657903
154800,37237997.4369938
158400,113633115.41873
162000,180316477.404776
165600,35626329.8684043
169200,55521152.4041533
172800,68937115.3025566
176400,106809287.715457
180000,87140551.803587
183600,72525466.1981905
187200,39751068.5917594
190800,7787308.02989762
194400,0
198000,0
201600,0
205200,0
208800,0
212400,0
216000,6883373.16320456
219600,7008972.05173765
223200,10383144.0106886
226800,24162031.6288196
230400,21341217.5143196
234000,24601865.4572684
237600,24431557.1657903
241200,37237997.4369938
244800,113633115.41873
248400,180316477.404776
252000,35626329.8684043
255600,55521152.4041533
259200,68937115.3025566
262800,106809287.715457
266400,87140551.803587
270000,72525466.1981905
273600,39751068.5917594
277200,7787308.02989762
280800,0
284400,0
288000,0
291600,0
295200,0
298800,0
302400,6883373.16320456
306000,7008972.05173765
309600,10383144.0106886
313200,24162031.6288196
316800,21341217.5143196
320400,24601865.4572684
324000,24431557.1657903
327600,37237997.4369938
331200,113633115.41873
334800,180316477.404776
338400,35626329.8684043
342000,55521152.4041533
345600,68937115.3025566
349200,106809287.715457
352800,87140551.803587
356400,72525466.1981905
360000,39751068.5917594
363600,7787308.02989762
367200,0
370800,0
374400,0
378000,0
381600,0
385200,0
388800,378696.38715265
392400,0
396000,2402621.67439645
399600,24162031.6288196
403200,25716923.0311424
406800,25604953.7321213
410400,41947534.9376081
414000,62766093.6028281
417600,149172995.194503
421200,180316477.404776
424800,298102254.312429
428400,351483873.585163
432000,392182862.157712
435600,275254143.634818
439200,188995132.496487
442800,120698840.522284
446400,102483271.38564
450000,27616453.4533801
453600,11270730.4541906
457200,12104286.6121965
460800,11243000.26427
464400,1048447.43372912
468000,0
471600,6158667.0751395
475200,0
478800,0
482400,0
486000,0
489600,972829.62879966
493200,3344488.17449984
496800,0
500400,0
504000,2019098.47782796
507600,276975936.533864
511200,244404789.658798
514800,310443288.631138
518400,313042121.687655
522000,275254143.634818
525600,215611113.131907
529200,162559085.387403
532800,101779124.160276
536400,42368381.3027365
540000,13299813.6238068
543600,2401247.20033499
547200,0
550800,753359.591360756
554400,5784936.12394491
558000,6158667.0751395
561600,6883373.16320456
565200,7008972.05173765
568800,10383144.0106886
572400,24162031.6288196
576000,21341217.5143196
579600,24601865.4572684
583200,24431557.1657903
586800,37237997.4369938
590400,113633115.41873
594000,180316477.404776
597600,244404789.658798
601200,339015015.979641
604800,343030740.923709
608400,322395072.202465
612000,282273209.495237
615600,247984505.550367
619200,181239031.199684
622800,107058072.233402
626400,56941618.3379637
630000,15085235.7372055
633600,15624013.4412042
637200,20532558.0304335
640800,26202184.4596882
644400,31260862.2261584
648000,52326536.254375
651600,49060480.7862238
655200,10383144.0106886
658800,24162031.6288196
662400,21341217.5143196
666000,24601865.4572684
669600,24431557.1657903
673200,37237997.4369938
676800,329931298.811718
680400,250850091.74027
684000,156683438.957757
687600,218408354.096555
691200,259096875.452103
694800,275254143.634818
698400,215611113.131907
702000,162559085.387403
705600,227149820.467985
709200,154167909.120255
712800,10014097.5065747
716400,1139648.95264257
720000,0
723600,0
727200,1039520.64785717
730800,154380.239830474
734400,6115842.78118254
738000,25001025.0666027
741600,11269983.6245327
745200,42429120.5589495
748800,20200546.8630055
752400,16937831.5116049
756000,13666656.2845892
759600,24849086.6331929
763200,64006665.3390991
766800,97973330.3728346
770400,244404789.658798
774000,343257660.894588
777600,398227839.731979
781200,467735064.74233
784800,218855128.333007
788400,165150943.880757
792000,162523452.660853
795600,109323909.630062
799200,68209268.5304332
802800,70974982.4328695
806400,47804065.7252686
810000,20378526.2834131
813600,22305140.7477967
817200,20366127.5887287
820800,0
824400,0
828000,0
831600,8089795.10240695
835200,0
838800,0
842400,13918570.4053258
846000,17960029.9601097
849600,111855785.424108
853200,298330393.097849
856800,367491898.307709
860400,368122839.424092
864000,351613018.920334
867600,293960480.102831
871200,262920732.64428
874800,190360669.470895
878400,86478858.0312288
882000,40745318.3160822
885600,8354624.43308841
889200,471747.587181637
892800,4654578.08849892
896400,13486353.8943669
9e+05,9615302.11889139
903600,0
907200,22070708.6929574
910800,18991753.673459
914400,4830810.7834341
918000,0
921600,42209400.5975236
925200,57081653.8095143
928800,58162956.4222194
932400,58784706.4957972
936000,130205097.949911
939600,157056362.024902
943200,189977589.391028
946800,227753041.959892
950400,244869313.334921
954000,224172288.272957
957600,184172264.847143
961200,151465526.900484
964800,81407357.0674563
968400,42464519.4092485
972000,0
975600,0
979200,0
982800,10068909.3055218
986400,14433773.7661728
990000,7664703.05911255
993600,0
997200,2712524.30449052
1000800,0
1004400,15923262.2965958
1008000,23179325.2046508
1011600,25571143.615863
1015200,22025823.5217327
1018800,15695666.5406636
1022400,152333316.128414
1026000,159015383.173098
1029600,171825913.906306
1033200,225531105.206337
1036800,204265357.856565
1040400,179185769.374801
1044000,148853978.012077
1047600,136160366.904179
1051200,52408200.0307416
1054800,22449151.2924783
1058400,12523150.3425865
1062000,0
1065600,0
1069200,0
1072800,4889872.81505597
1076400,897678.692780984
1080000,69440.9311001566
1083600,10150035.4352946
1087200,29635832.926529
1090800,26389902.973377
1094400,20642573.1949608
1098000,27670868.9873051
1101600,35351861.4632046
1105200,93226217.0178872
1108800,167396121.169078
1112400,150798700.882542
1116000,211097696.723464
1119600,285467230.222388
1123200,248678174.922869
1126800,233687494.065769
1130400,180162555.412719
1134000,162559085.387403
1137600,101944719.398034
1141200,72050253.5805228
1144800,53097658.96352
1148400,31374932.3571869
1152000,3965894.45351107
1155600,23329501.4574888
1159200,49578050.47538
1162800,40881134.2059166
1166400,38899176.9040305
1170000,31243763.8325974
1173600,53763439.4836219
1177200,66947969.8641477
1180800,45801905.2362289
1184400,15211291.9717502
1188000,42549528.9849902
1191600,47675052.7360392
1195200,113321240.444743
1198800,180316477.404776
1202400,244404789.658798
1206000,310443288.631138
1209600,313042121.687655
1213200,275254143.634818
1216800,215611113.131907
1220400,162559085.387403
1224000,101779124.160276
1227600,42368381.3027365
1231200,18414718.4042301
1234800,22125431.5499476
1238400,18311030.3733446
1242000,7770296.87400775
1245600,28379913.4870751
1249200,24894554.4667619
1252800,6883373.16320456
1256400,0
1260000,17546040.4430035
1263600,58674423.8153605
1267200,0
1270800,24601865.4572684
1274400,24431557.1657903
1278000,37237997.4369938
1281600,120172939.918776
1285200,117784251.045439
1288800,130522766.980709
1292400,354415415.658335
1296000,302097631.572035
1299600,199520327.02527
1303200,146533251.674206
1306800,99703270.1631634
1310400,0
1314000,0
1317600,13299813.6238068
1321200,2401247.20033499
1324800,0
1328400,753359.591360756
1332000,5784936.12394491
1335600,6158667.0751395
1339200,6883373.16320456
1342800,7008972.05173765
1346400,10383144.0106886
1350000,24162031.6288196
1353600,21341217.5143196
1357200,24601865.4572684
1360800,24431557.1657903
1364400,37237997.4369938
1368000,113633115.41873
1371600,180316477.404776
1375200,244404789.658798
1378800,304379563.600551
1382400,219628849.567963
1386000,198584134.64185
1389600,131941975.320398
1393200,64256844.2043654
1396800,35282384.6184039
1400400,0
1404000,13299813.6238068
1407600,2401247.20033499
1411200,0
1414800,753359.591360756
1418400,5784936.12394491
1422000,6158667.0751395
1425600,6883373.16320456
1429200,7008972.05173765
1432800,10383144.0106886
1436400,24162031.6288196
1440000,21341217.5143196
1443600,24601865.4572684
1447200,24431557.1657903
1450800,37237997.4369938
1454400,113633115.41873
1458000,272970193.478271
1461600,286811824.414914
1465200,246029729.555058
1468800,262867710.939329
1472400,249723760.307769
1476000,187036440.909471
1479600,168370479.246454
1483200,146104835.145049
1486800,113761301.200233
1490400,52209459.9775632
1494000,27944671.1738593
1497600,14650730.8657535
1501200,3873797.4290891
1504800,0
1508400,6158667.0751395
1512000,6883373.16320456
1515600,7008972.05173765
1519200,10383144.0106886
1522800,24162031.6288196
1526400,21341217.5143196
1530000,24601865.4572684
1533600,24431557.1657903
1537200,66007160.7236414
1540800,127077991.983517
1544400,144010412.477235
1548000,257705661.115286
1551600,432280383.346326
1555200,686457983.765558
1558800,499795693.065498
1562400,384781314.730751
1566000,162559085.387403
1569600,101779124.160276
1573200,48151044.9844811
1576800,45343453.1238542
1580400,26154104.5110629
1584000,21678667.2258534
1587600,13538982.58364
1591200,19909994.3494955
1594800,0
1598400,0
1602000,1322181.1352485
1605600,0
1609200,14627645.2087771
1612800,16245847.5074273
1616400,4659845.85759593
1620000,0
1623600,0
1627200,30219595.544752
1630800,57716196.6262293
1634400,381535478.722336
1638000,580437885.808842
1641600,419700383.578996
1645200,397565441.203519
1648800,309486644.693226
1652400,258203215.327696
1656000,29532831.0083848
1659600,0
1663200,0
1666800,0
1670400,0
1674000,0
1677600,0
1681200,9693404.34110835
1684800,0
1688400,0
1692000,14300830.822589
1695600,17152758.1837457
1699200,34249241.7730562
1702800,19874976.0909824
1706400,14326390.7574158
1710000,27578221.0333575
1713600,63093742.38909
1717200,180316477.404776
1720800,426556039.93875
1724400,451466861.19167
1728000,476596588.112075
1731600,322517967.859489
1735200,402634850.630187
1738800,323005545.904902
1742400,230664231.765805
1746000,64821968.3064713
1749600,20357656.2409737
1753200,0
1756800,0
1760400,0
1764000,0
1767600,0
1771200,6870392.16079929
1774800,6917257.37844873
1778400,22252462.8925657
1782000,38250207.9771783
1785600,45759943.9783507
1789200,57176715.8822182
1792800,61349644.2735701
1796400,51143269.9496823
1800000,81240826.3504842
1803600,180316477.404776
1807200,244404789.658798
1810800,225608471.108512
1814400,227803030.426074
1818000,250631608.735078
1821600,176892306.742472
1825200,169365666.261565
1828800,114267687.064582
1832400,10583948.1772509
1836000,0
1839600,0
1843200,0
1846800,0
1850400,0
1854000,0
1857600,13134521.822765
1861200,36223885.3678712
1864800,1859059.45686399
1868400,15952606.3985734
1872000,31850581.6089627
1875600,45242196.3930122
1879200,34466661.3638538
1882800,41535366.7468727
1886400,62450016.1549309
1890000,180316477.404776
1893600,244404789.658798
1897200,310443288.631138
1900800,313042121.687655
1904400,275254143.634818
1908000,215611113.131907
1911600,162559085.387403
1915200,101779124.160276
1918800,42368381.3027365
1922400,13299813.6238068
1926000,2401247.20033499
1929600,0
1933200,753359.591360756
1936800,5784936.12394491
1940400,6158667.0751395
1944000,6883373.16320456
1947600,7008972.05173765
1951200,10383144.0106886
1954800,24162031.6288196
1958400,21341217.5143196
1962000,24601865.4572684
1965600,24431557.1657903
1969200,37237997.4369938
1972800,113633115.41873
1976400,180316477.404776
1980000,263325372.925281
1983600,268357322.687236
1987200,215662592.125359
1990800,182527765.207193
1994400,157097472.365269
1998000,108575854.888336
2001600,50156433.0811969
2005200,0
2008800,13299813.6238068
2012400,2401247.20033499
2016000,0
2019600,753359.591360756
2023200,5784936.12394491
2026800,6158667.0751395
