0,900852000
3600,828036000
7200,1236888000
10800,1147590000
14400,1140210000
18000,1165794000
21600,1111428000
25200,1081170000
28800,1078464000
32400,1033815000
36000,1091010000
39600,1076250000
43200,1002450000
46800,1096914000
50400,969117000
54000,1085106000
57600,1098390000
61200,1067394000
64800,1094208000
68400,1105032000
72000,1041318000
75600,995070000
79200,1056078000
82800,942918000
86400,900852000
90000,828036000
93600,1236888000
97200,1147590000
100800,1140210000
104400,1165794000
108000,1111428000
111600,1081170000
115200,1078464000
118800,1033815000
122400,1091010000
126000,1076250000
129600,1002450000
133200,1096914000
136800,969117000
140400,1085106000
144000,1098390000
147600,1067394000
151200,1094208000
154800,1105032000
158400,1041318000
162000,995070000
165600,1056078000
169200,942918000
172800,900852000
176400,828036000
180000,1236888000
183600,1147590000
187200,1140210000
190800,1165794000
194400,1111428000
198000,1081170000
201600,1078464000
205200,1033815000
208800,1091010000
212400,1076250000
216000,1002450000
219600,1096914000
223200,969117000
226800,1085106000
230400,1098390000
234000,1067394000
237600,1094208000
241200,1105032000
244800,1041318000
248400,995070000
252000,1056078000
255600,942918000
259200,900852000
262800,828036000
266400,1236888000
270000,1147590000
273600,1140210000
277200,1165794000
280800,1111428000
284400,1081170000
288000,1078464000
291600,1033815000
295200,1091010000
298800,1076250000
302400,1002450000
306000,1096914000
309600,969117000
313200,1085106000
316800,1098390000
320400,1067394000
324000,1094208000
327600,1105032000
331200,1041318000
334800,995070000
338400,1056078000
342000,942918000
345600,900852000
349200,828036000
352800,1236888000
356400,1147590000
360000,1140210000
363600,1165794000
367200,1111428000
370800,1081170000
374400,1078464000
378000,1033815000
381600,1091010000
385200,1076250000
388800,1002450000
392400,1096914000
396000,969117000
399600,1085106000
403200,1098390000
406800,1067394000
410400,1094208000
414000,1105032000
417600,1041318000
421200,995070000
424800,1056078000
428400,942918000
432000,900852000
435600,828036000
439200,748578000
442800,737016000
446400,740460000
450000,684987000
453600,665430000
457200,749316000
460800,654360000
464400,652392000
468000,650916000
471600,729267000
475200,770964000
478800,633450000
482400,697902000
486000,759156000
489600,887322000
493200,862476000
496800,905772000
500400,955218000
504000,951036000
507600,995193000
511200,934062000
514800,994086000
518400,897654000
522000,913644000
525600,811923000
529200,716106000
532800,724224000
536400,737262000
540000,639354000
543600,590400000
547200,654852000
550800,686832000
554400,728160000
558000,652392000
561600,595566000
565200,531606000
568800,530130000
572400,513894000
576000,514878000
579600,498642000
583200,404670000
586800,499872000
590400,449442000
594000,479700000
597600,449565000
601200,410187428.571429
604800,424350000
608400,369984000
612000,416232000
615600,347721000
619200,311928000
622800,273060000
626400,302580000
630000,333330000
633600,284622000
637200,381054000
640800,378348000
644400,384498000
648000,341940000
651600,314880000
655200,358176000
658800,309468000
662400,378348000
666000,297660000
669600,320046000
673200,499872000
676800,449442000
680400,479700000
684000,449565000
687600,380034857.142857
691200,424350000
694800,369984000
698400,416232000
702000,347721000
705600,311928000
709200,273060000
712800,302580000
716400,333330000
720000,284622000
723600,381054000
727200,378348000
730800,384498000
734400,341940000
738000,314880000
741600,358176000
745200,309468000
748800,378348000
752400,297660000
756000,320046000
759600,329578500
763200,326319000
766800,319154250
770400,299474250
774000,289511250
777600,269247000
781200,263373750
784800,316110000
788400,315864000
792000,257562000
795600,200736000
799200,229764000
802800,216234000
806400,250674000
810000,258300000
813600,251658000
817200,247230000
820800,232716000
824400,253380000
828000,297906000
831600,231240000
835200,316110000
838800,350550000
842400,335298000
846000,280440000
849600,343170000
853200,420168000
856800,386712000
860400,394338000
864000,311303538.461538
867600,303620769.230769
871200,316110000
874800,315864000
878400,257562000
882000,200736000
885600,229764000
889200,216234000
892800,250674000
896400,258300000
9e+05,251658000
903600,247230000
907200,232716000
910800,253380000
914400,297906000
918000,231240000
921600,316110000
925200,350550000
928800,335298000
932400,280440000
936000,343170000
939600,420168000
943200,386712000
946800,394338000
950400,406146000
954000,514386000
957600,412050000
961200,413034000
964800,383883000
968400,406023000
972000,476871000
975600,421029000
979200,391878000
982800,488310000
986400,458421000
990000,511311000
993600,563217000
997200,411066000
1000800,483882000
1004400,501471000
1008000,458052000
1011600,482652000
1015200,484620000
1018800,491508000
1022400,518691000
1026000,549072000
1029600,487818000
1033200,495936000
1036800,406146000
1040400,514386000
1044000,507990000
1047600,510204000
1051200,510204000
1054800,611310000
1058400,723978000
1062000,625824000
1065600,533082000
1069200,718320000
1072800,665184000
1076400,775392000
1080000,893718000
1083600,944886000
1087200,886830000
1090800,815490000
1094400,952512000
1098000,1018194000
1101600,1037136000
1105200,1071576000
1108800,1044762000
1112400,1068747000
1116000,1101588000
1119600,972930000
1123200,963336000
1126800,935046000
1130400,907002000
1134000,845010000
1137600,842304000
1141200,684864000
1144800,700116000
1148400,637140000
1152000,660018000
1155600,774162000
1159200,769488000
1162800,742428000
1166400,770964000
1170000,882156000
1173600,886092000
1177200,830496000
1180800,919548000
1184400,893349000
1188000,907494000
1191600,995808000
1195200,958416000
1198800,997038000
1202400,942918000
1206000,869610000
1209600,891012000
1213200,974160000
1216800,958170000
1220400,896916000
1224000,883140000
1227600,969978000
1231200,1076496000
1234800,1068624000
1238400,1065795000
1242000,1208844000
1245600,1114626000
1249200,1059030000
1252800,1024344000
1256400,1071699000
1260000,1093470000
1263600,1048944000
1267200,1099374000
1270800,1214256000
1274400,1330860000
1278000,1255830000
1281600,1186212000
1285200,1185228000
1288800,1228278000
1292400,1292730000
1296000,1317576000
1299600,1126680000
1303200,949068000
1306800,934800000
1310400,947838000
1314000,929019000
1317600,1017456000
1321200,895440000
1324800,974406000
1328400,979326000
1332000,948576000
1335600,996300000
1339200,934062000
1342800,968256000
1346400,1126926000
1350000,1006878000
1353600,924714000
1357200,946116000
1360800,932586000
1364400,1066656000
1368000,962844000
1371600,1044516000
1375200,1146852000
1378800,1249188000
1382400,964812000
1386000,1065918000
1389600,999744000
1393200,1002942000
1396800,978834000
1400400,921516000
1404000,941319000
1407600,959646000
1411200,964320000
1414800,957186000
1418400,1070838000
1422000,907986000
1425600,977850000
1429200,924714000
1432800,851406000
1436400,813030000
1440000,844641000
1443600,910692000
1447200,820656000
1450800,871332000
1454400,828036000
1458000,855711000
1461600,860754000
1465200,848208000
1468800,1004172000
1472400,922992000
1476000,933570000
1479600,801837000
1483200,738246000
1486800,769242000
1490400,703068000
1494000,753990000
1497600,695442000
1501200,701346000
1504800,678222000
1508400,625332000
1512000,707988000
1515600,685848000
1519200,756204000
1522800,688062000
1526400,623118000
1530000,693720000
1533600,722871000
1537200,672318000
1540800,771702000
1544400,773178000
1548000,764568000
1551600,693720000
1555200,658173000
1558800,569490000
1562400,598272000
1566000,585726000
1569600,537510000
1573200,571458000
1576800,632466000
1580400,588432000
1584000,721272000
1587600,643536000
1591200,603192000
1594800,667152000
1598400,598764000
1602000,676008000
1605600,639354000
1609200,642183000
1612800,663954000
1616400,683388000
1620000,743658000
1623600,743904000
1627200,612663000
1630800,557190000
1634400,570720000
1638000,623364000
1641600,535788000
1645200,598026000
1648800,549318000
1652400,529146000
1656000,590892000
1659600,812538000
1663200,797901000
1666800,778098000
1670400,835170000
1674000,880926000
1677600,929142000
1681200,871947000
1684800,913890000
1688400,870840000
1692000,837384000
1695600,794580000
1699200,844518000
1702800,832218000
1706400,813030000
1710000,862722000
1713600,808356000
1717200,868257000
1720800,970962000
1724400,919056000
1728000,784248000
1731600,828774000
1735200,745626000
1738800,730866000
1742400,657312000
1746000,694950000
1749600,676254000
1753200,720903000
1756800,711432000
1760400,737016000
1764000,721518000
1767600,717090000
1771200,728160000
1774800,732342000
1778400,650916000
1782000,654852000
1785600,659034000
1789200,652638000
1792800,632958000
1796400,715122000
1800000,711186000
1803600,669612000
1807200,655590000
1810800,671457000
1814400,649686000
1818000,632712000
1821600,579330000
1825200,547350000
1828800,479577000
1832400,473550000
1836000,487080000
1839600,504546000
1843200,534804000
1846800,461373000
1850400,530130000
1854000,511188000
1857600,492984000
1861200,519552000
1864800,545751000
1868400,540216000
1872000,490524000
1875600,541692000
1879200,439110000
1882800,493107000
1886400,479208000
1890000,464940000
1893600,441078000
1897200,461496000
1900800,394707000
1904400,395322000
1908000,353502000
1911600,355962000
1915200,322260000
1918800,298521000
1922400,286836000
1926000,319554000
1929600,280194000
1933200,266910000
1936800,296553000
1940400,375888000
1944000,263466000
1947600,337512000
1951200,357438000
1954800,308484000
1958400,333576000
1962000,322014000
1965600,273306000
1969200,295200000
1972800,327057000
1976400,320784000
1980000,285852000
1983600,309960000
1987200,287082000
1990800,294708000
1994400,285360000
1998000,358422000
2001600,246984000
2005200,262974000
2008800,279948000
2012400,325950000
2016000,295938000
2019600,227796000
2023200,233946000
2026800,242433000
