0,212175000
3600,180072000
7200,253134000
10800,276504000
14400,283146000
18000,312666000
21600,277980000
25200,249936000
28800,280686000
32400,248214000
36000,231978000
39600,227058000
43200,252642000
46800,209100000
50400,210330000
54000,203688000
57600,248706000
61200,251904000
64800,237144000
68400,273429000
72000,195570000
75600,227550000
79200,238374000
82800,179088000
86400,212175000
90000,180072000
93600,253134000
97200,276504000
100800,283146000
104400,312666000
108000,277980000
111600,249936000
115200,280686000
118800,248214000
122400,231978000
126000,227058000
129600,252642000
133200,209100000
136800,210330000
140400,203688000
144000,248706000
147600,251904000
151200,237144000
154800,273429000
158400,195570000
162000,227550000
165600,238374000
169200,179088000
172800,212175000
176400,180072000
180000,253134000
183600,276504000
187200,283146000
190800,312666000
194400,277980000
198000,249936000
201600,280686000
205200,248214000
208800,231978000
212400,227058000
216000,252642000
219600,209100000
223200,210330000
226800,203688000
230400,248706000
234000,251904000
237600,237144000
241200,273429000
244800,195570000
248400,227550000
252000,238374000
255600,179088000
259200,212175000
262800,180072000
266400,253134000
270000,276504000
273600,283146000
277200,312666000
280800,277980000
284400,249936000
288000,280686000
291600,248214000
295200,231978000
298800,227058000
302400,252642000
306000,209100000
309600,210330000
313200,203688000
316800,248706000
320400,251904000
324000,237144000
327600,273429000
331200,195570000
334800,227550000
338400,238374000
342000,179088000
345600,212175000
349200,180072000
352800,253134000
356400,276504000
360000,283146000
363600,312666000
367200,277980000
370800,249936000
374400,280686000
378000,248214000
381600,231978000
385200,227058000
388800,252642000
392400,209100000
396000,210330000
399600,203688000
403200,248706000
406800,251904000
410400,237144000
414000,273429000
417600,195570000
421200,227550000
424800,238374000
428400,179088000
432000,212175000
435600,180072000
439200,203442000
442800,132348000
446400,153504000
450000,150429000
453600,133086000
457200,149076000
460800,149814000
464400,168756000
468000,137268000
471600,166911000
475200,193110000
478800,210084000
482400,169740000
486000,171462000
489600,241080000
493200,268632000
496800,249444000
500400,278226000
504000,255102000
507600,283023000
511200,265434000
514800,299382000
518400,290280000
522000,243786000
525600,207993000
529200,125952000
532800,154980000
536400,176628000
540000,151782000
543600,129273000
547200,129396000
550800,169248000
554400,133332000
558000,120786000
561600,137883000
565200,107748000
568800,119064000
572400,98892000
576000,133578000
579600,79458000
583200,80934000
586800,126198000
590400,129150000
594000,97416000
597600,105288000
601200,90079928.5714286
604800,76014000
608400,61008000
612000,102582000
615600,79581000
619200,76014000
622800,49446000
626400,64452000
630000,42558000
633600,51291000
637200,74784000
640800,95694000
644400,78720000
648000,90036000
651600,47478000
655200,38622000
658800,74046000
662400,87330000
666000,31488000
669600,76752000
673200,126198000
676800,129150000
680400,97416000
684000,105288000
687600,83051357.1428571
691200,76014000
694800,61008000
698400,102582000
702000,79581000
705600,76014000
709200,49446000
712800,64452000
716400,42558000
720000,51291000
723600,74784000
727200,95694000
730800,78720000
734400,90036000
738000,47478000
741600,38622000
745200,74046000
748800,87330000
752400,31488000
756000,76752000
759600,58240500
763200,50922000
766800,52305750
770400,52459500
774000,47554875
777600,36638625
781200,36915375
784800,20172000
788400,31488000
792000,58548000
795600,39852000
799200,34809000
802800,0
806400,33702000
810000,0
813600,26568000
817200,49815000
820800,37884000
824400,10332000
828000,44772000
831600,49938000
835200,28290000
838800,0
842400,46986000
846000,32964000
849600,65436000
853200,83271000
856800,106764000
860400,99630000
864000,47686153.8461538
867600,50278615.3846154
871200,20172000
874800,31488000
878400,58548000
882000,39852000
885600,34809000
889200,0
892800,33702000
896400,0
9e+05,26568000
903600,49815000
907200,37884000
910800,10332000
914400,44772000
918000,49938000
921600,28290000
925200,0
928800,46986000
932400,32964000
936000,65436000
939600,83271000
943200,106764000
946800,99630000
950400,88806000
954000,119679000
957600,69249000
961200,62607000
964800,69741000
968400,66420000
972000,106333500
975600,99261000
979200,110085000
982800,78597000
986400,102459000
990000,142126500
993600,167403000
997200,142680000
1000800,105780000
1004400,133455000
1008000,123246000
1011600,117096000
1015200,99630000
1018800,95940000
1022400,106149000
1026000,97662000
1029600,134070000
1033200,116850000
1036800,88806000
1040400,119679000
1044000,118326000
1047600,93726000
1051200,80934000
1054800,92988000
1058400,177858000
1062000,198522000
1065600,186468000
1069200,157194000
1072800,178350000
1076400,234438000
1080000,296922000
1083600,310698000
1087200,300120000
1090800,279702000
1094400,265311000
1098000,346368000
1101600,362604000
1105200,354732000
1108800,290280000
1112400,337389000
1116000,338004000
1119600,305778000
1123200,331362000
1126800,237882000
1130400,301842000
1134000,179088000
1137600,217464000
1141200,147354000
1144800,207132000
1148400,184623000
1152000,143172000
1155600,205410000
1159200,222876000
1162800,232470000
1166400,217095000
1170000,243540000
1173600,249690000
1177200,231240000
1180800,244278000
1184400,272076000
1188000,320538000
1191600,330624000
1195200,318816000
1198800,340710000
1202400,290772000
1206000,316110000
1209600,297660000
1213200,314142000
1216800,272814000
1220400,258792000
1224000,321276000
1227600,276750000
1231200,354732000
1234800,346122000
1238400,339972000
1242000,476748000
1245600,362604000
1249200,406392000
1252800,382530000
1256400,335913000
1260000,361620000
1263600,326442000
1267200,378102000
1270800,436896000
1274400,422382000
1278000,410574000
1281600,369984000
1285200,389664000
1288800,395814000
1292400,436650000
1296000,472443000
1299600,327180000
1303200,278472000
1306800,277734000
1310400,250182000
1314000,278349000
1317600,237636000
1321200,236898000
1324800,248952000
1328400,275766000
1332000,254610000
1335600,252888000
1339200,224598000
1342800,279210000
1346400,254364000
1350000,276996000
1353600,221892000
1357200,266418000
1360800,202212000
1364400,303810000
1368000,265680000
1371600,212790000
1375200,233946000
1378800,255840000
1382400,209592000
1386000,210453000
1389600,174168000
1393200,191388000
1396800,180072000
1400400,144894000
1404000,184623000
1407600,193602000
1411200,197538000
1414800,224844000
1418400,216480000
1422000,218817000
1425600,203934000
1429200,200244000
1432800,145140000
1436400,204426000
1440000,167649000
1443600,199014000
1447200,210330000
1450800,216972000
1454400,217956000
1458000,206517000
1461600,205410000
1465200,192864000
1468800,230256000
1472400,180318000
1476000,205164000
1479600,189420000
1483200,114390000
1486800,148092000
1490400,134070000
1494000,184500000
1497600,138375000
1501200,171216000
1504800,156210000
1508400,128904000
1512000,125952000
1515600,125583000
1519200,159162000
1522800,154734000
1526400,122016000
1530000,149076000
1533600,167772000
1537200,159654000
1540800,118818000
1544400,166542000
1548000,225090000
1551600,161376000
1555200,123369000
1558800,96186000
1562400,123738000
1566000,174414000
1569600,106272000
1573200,144033000
1576800,125460000
1580400,157932000
1584000,97170000
1587600,117834000
1591200,121893000
1594800,111930000
1598400,105780000
1602000,114882000
1605600,134808000
1609200,130626000
1612800,130134000
1616400,164082000
1620000,137514000
1623600,156210000
1627200,154365000
1630800,106764000
1634400,147600000
1638000,123246000
1641600,103320000
1645200,76629000
1648800,113898000
1652400,106026000
1656000,117588000
1659600,186960000
1663200,174168000
1666800,171462000
1670400,239358000
1674000,193602000
1677600,204426000
1681200,206148000
1684800,208116000
1688400,198768000
1692000,206640000
1695600,184992000
1699200,173553000
1702800,208854000
1706400,185730000
1710000,239850000
1713600,183516000
1717200,257808000
1720800,222138000
1724400,181548000
1728000,221400000
1731600,172938000
1735200,156948000
1738800,160638000
1742400,140220000
1746000,134808000
1749600,198522000
1753200,172446000
1756800,116112000
1760400,171462000
1764000,199260000
1767600,189666000
1771200,167649000
1774800,168018000
1778400,155964000
1782000,141204000
1785600,129888000
1789200,124107000
1792800,135054000
1796400,217464000
1800000,129396000
1803600,111192000
1807200,177120000
1810800,137391000
1814400,130134000
1818000,63960000
1821600,83148000
1825200,119802000
1828800,67527000
1832400,75030000
1836000,21894000
1839600,61254000
1843200,34932000
1846800,58425000
1850400,97662000
1854000,80196000
1857600,75522000
1861200,100368000
1864800,151536000
1868400,111438000
1872000,152028000
1875600,75276000
1879200,127920000
1882800,94464000
1886400,79950000
1890000,56580000
1893600,47970000
1897200,294462000
1900800,138006000
1904400,46494000
1908000,59286000
1911600,26322000
1915200,21402000
1918800,35793000
1922400,35178000
1926000,22140000
1929600,0
1933200,46986000
1936800,52029000
1940400,0
1944000,36162000
1947600,0
1951200,30504000
1954800,0
1958400,30750000
1962000,59040000
1965600,37392000
1969200,17958000
1972800,42435000
1976400,65436000
1980000,44034000
1983600,60024000
1987200,0
1990800,31242000
1994400,18450000
1998000,0
2001600,26322000
2005200,0
2008800,11562000
2012400,30504000
2016000,11808000
2019600,24108000
2023200,48708000
2026800,17097000
