0,1873044000
3600,1588668000
7200,2703294000
10800,2895174000
14400,2580294000
18000,2386200000
21600,2191368000
25200,2179560000
28800,2238600000
32400,2092968000
36000,2209326000
39600,2158650000
43200,2035650000
46800,2184726000
50400,2041431000
54000,2212278000
57600,2264430000
61200,2214246000
64800,2186448000
68400,2377467000
72000,2240568000
75600,2187924000
79200,2195550000
82800,1940694000
86400,1873044000
90000,1588668000
93600,2703294000
97200,2895174000
100800,2580294000
104400,2386200000
108000,2191368000
111600,2179560000
115200,2238600000
118800,2092968000
122400,2209326000
126000,2158650000
129600,2035650000
133200,2184726000
136800,2041431000
140400,2212278000
144000,2264430000
147600,2214246000
151200,2186448000
154800,2377467000
158400,2240568000
162000,2187924000
165600,2195550000
169200,1940694000
172800,1873044000
176400,1588668000
180000,2703294000
183600,2895174000
187200,2580294000
190800,2386200000
194400,2191368000
198000,2179560000
201600,2238600000
205200,2092968000
208800,2209326000
212400,2158650000
216000,2035650000
219600,2184726000
223200,2041431000
226800,2212278000
230400,2264430000
234000,2214246000
237600,2186448000
241200,2377467000
244800,2240568000
248400,2187924000
252000,2195550000
255600,1940694000
259200,1873044000
262800,1588668000
266400,2703294000
270000,2895174000
273600,2580294000
277200,2386200000
280800,2191368000
284400,2179560000
288000,2238600000
291600,2092968000
295200,2209326000
298800,2158650000
302400,2035650000
306000,2184726000
309600,2041431000
313200,2212278000
316800,2264430000
320400,2214246000
324000,2186448000
327600,2377467000
331200,2240568000
334800,2187924000
338400,2195550000
342000,1940694000
345600,1873044000
349200,1588668000
352800,2703294000
356400,2895174000
360000,2580294000
363600,2386200000
367200,2191368000
370800,2179560000
374400,2238600000
378000,2092968000
381600,2209326000
385200,2158650000
388800,2035650000
392400,2184726000
396000,2041431000
399600,2212278000
403200,2264430000
406800,2214246000
410400,2186448000
414000,2377467000
417600,2240568000
421200,2187924000
424800,2195550000
428400,1940694000
432000,1873044000
435600,1588668000
439200,1506996000
442800,1384734000
446400,1357674000
450000,1318068000
453600,1256322000
457200,1235166000
460800,1197774000
464400,1229508000
468000,1252632000
471600,1287441000
475200,1299618000
478800,1303308000
482400,1413270000
486000,1502076000
489600,1691988000
493200,1966278000
496800,1944138000
500400,1819170000
504000,1832946000
507600,2042784000
511200,1753488000
514800,2044260000
518400,1887804000
522000,1846968000
525600,1665051000
529200,1405152000
532800,1456566000
536400,1359642000
540000,1231968000
543600,1155585000
547200,1216716000
550800,1326432000
554400,1352754000
558000,1209828000
561600,1162350000
565200,1088058000
568800,1004172000
572400,937506000
576000,974406000
579600,869610000
583200,886584000
586800,855096000
590400,797532000
594000,837138000
597600,879696000
601200,744800142.857143
604800,764322000
608400,671580000
612000,691506000
615600,650670000
619200,544152000
622800,474534000
626400,530376000
630000,519306000
633600,503316000
637200,592860000
640800,520044000
644400,655098000
648000,542922000
651600,524472000
655200,541200000
658800,487326000
662400,565062000
666000,561864000
669600,579576000
673200,855096000
676800,797532000
680400,837138000
684000,879696000
687600,671650285.714286
691200,764322000
694800,671580000
698400,691506000
702000,650670000
705600,544152000
709200,474534000
712800,530376000
716400,519306000
720000,503316000
723600,592860000
727200,520044000
730800,655098000
734400,542922000
738000,524472000
741600,541200000
745200,487326000
748800,565062000
752400,561864000
756000,579576000
759600,531021750
763200,518598750
766800,512633250
770400,502332000
774000,486910875
777600,467200125
781200,455146125
784800,445752000
788400,443538000
792000,476748000
795600,458790000
799200,363957000
802800,407376000
806400,465432000
810000,388926000
813600,398766000
817200,440340000
820800,421890000
824400,399504000
828000,414510000
831600,444768000
835200,453009000
838800,487326000
842400,548088000
846000,580806000
849600,648948000
853200,749193000
856800,757188000
860400,672318000
864000,541540615.384615
867600,539856461.538462
871200,445752000
874800,443538000
878400,476748000
882000,458790000
885600,363957000
889200,407376000
892800,465432000
896400,388926000
9e+05,398766000
903600,440340000
907200,421890000
910800,399504000
914400,414510000
918000,444768000
921600,453009000
925200,487326000
928800,548088000
932400,580806000
936000,648948000
939600,749193000
943200,757188000
946800,672318000
950400,769980000
954000,967395000
957600,697779000
961200,664446000
964800,682773000
968400,712785000
972000,806142000
975600,833325000
979200,742182000
982800,795687000
986400,790152000
990000,895501500
993600,1067640000
997200,712416000
1000800,850422000
1004400,837630000
1008000,845256000
1011600,777114000
1015200,803928000
1018800,829758000
1022400,827913000
1026000,780312000
1029600,823608000
1033200,852390000
1036800,769980000
1040400,967395000
1044000,949806000
1047600,885354000
1051200,888798000
1054800,966780000
1058400,1248327000
1062000,1259274000
1065600,1018932000
1069200,1202448000
1072800,1181538000
1076400,1350663000
1080000,1713390000
1083600,1717572000
1087200,1547340000
1090800,1503798000
1094400,1723599000
1098000,1921998000
1101600,2067630000
1105200,1969968000
1108800,1960128000
1112400,2077470000
1116000,1999488000
1119600,1918800000
1123200,1800474000
1126800,1759146000
1130400,1703550000
1134000,1453860000
1137600,1471326000
1141200,1159398000
1144800,1151772000
1148400,1055094000
1152000,1183260000
1155600,1125204000
1159200,1278216000
1162800,1189164000
1166400,1224711000
1170000,1383750000
1173600,1305768000
1177200,1436886000
1180800,1480674000
1184400,1498632000
1188000,1574892000
1191600,1769232000
1195200,1646232000
1198800,1620402000
1202400,1580304000
1206000,1509948000
1209600,1591374000
1213200,1555950000
1216800,1648446000
1220400,1513515000
1224000,1546356000
1227600,1660008000
1231200,1848444000
1234800,1880916000
1238400,1902195000
1242000,2100594000
1245600,1911912000
1249200,1959882000
1252800,1966032000
1256400,1876242000
1260000,1898628000
1263600,1765296000
1267200,1917570000
1270800,2064432000
1274400,2258034000
1278000,2119413000
1281600,2044260000
1285200,2064432000
1288800,2217444000
1292400,2198010000
1296000,2350653000
1299600,1.968e+09
1303200,1863696000
1306800,1864680000
1310400,1774890000
1314000,1776735000
1317600,1901580000
1321200,1682394000
1324800,1966032000
1328400,2041308000
1332000,1954347000
1335600,2087064000
1339200,1967754000
1342800,2108220000
1346400,2298132000
1350000,2295795000
1353600,2209572000
1357200,2365536000
1360800,2249178000
1364400,2388168000
1368000,2254713000
1371600,2404650000
1375200,2539458000
1378800,2444994000
1382400,2170458000
1386000,2192106000
1389600,1951026000
1393200,1922982000
1396800,2025072000
1400400,1885344000
1404000,1871568000
1407600,1894200000
1411200,1944630000
1414800,1882392000
1418400,1939956000
1422000,1864065000
1425600,1927902000
1429200,1826058000
1432800,1667388000
1436400,1611300000
1440000,1701090000
1443600,1748568000
1447200,1763820000
1450800,1804656000
1454400,1801212000
1458000,1876365000
1461600,1857546000
1465200,1896414000
1468800,1897152000
1472400,1933560000
1476000,1886082000
1479600,1720770000
1483200,1536762000
1486800,1720278000
1490400,1619910000
1494000,1604904000
1497600,1508226000
1501200,1453860000
1504800,1489530000
1508400,1322742000
1512000,1406382000
1515600,1432950000
1519200,1497402000
1522800,1486086000
1526400,1333320000
1530000,1424832000
1533600,1516836000
1537200,1453860000
1540800,1610070000
1544400,1600476000
1548000,1639344000
1551600,1613268000
1555200,1449186000
1558800,1272066000
1562400,1311918000
1566000,1349064000
1569600,1230738000
1573200,1292361000
1576800,1490760000
1580400,1273542000
1584000,1416468000
1587600,1438362000
1591200,1413885000
1594800,1503552000
1598400,1413270000
1602000,1438116000
1605600,1605888000
1609200,1450416000
1612800,1667880000
1616400,1629996000
1620000,1638606000
1623600,1508964000
1627200,1371327000
1630800,1285596000
1634400,1380306000
1638000,1462224000
1641600,1206384000
1645200,1328031000
1648800,1348818000
1652400,1371942000
1656000,1690512000
1659600,2114124000
1663200,2192844000
1666800,2290752000
1670400,2223348000
1674000,2403420000
1677600,2253606000
1681200,2183619000
1684800,2269596000
1688400,2175132000
1692000,2011788000
1695600,1860990000
1699200,1861851000
1702800,1729626000
1706400,1800474000
1710000,1769478000
1713600,1719786000
1717200,1845369000
1720800,1786944000
1724400,1829010000
1728000,1706994000
1731600,1666650000
1735200,1632210000
1738800,1495680000
1742400,1455090000
1746000,1478706000
1749600,1426062000
1753200,1528275000
1756800,1466406000
1760400,1457550000
1764000,1390392000
1767600,1488054000
1771200,1353492000
1774800,1418436000
1778400,1337748000
1782000,1262472000
1785600,1215978000
1789200,1303923000
1792800,1354476000
1796400,1347588000
1800000,1273296000
1803600,1311180000
1807200,1339224000
1810800,1273050000
1814400,1241562000
1818000,1231968000
1821600,1108476000
1825200,1029018000
1828800,1018440000
1832400,952020000
1836000,1003188000
1839600,902574000
1843200,858294000
1846800,865797000
1850400,1053126000
1854000,1027296000
1857600,989904000
1861200,1045254000
1864800,985722000
1868400,1006632000
1872000,938490000
1875600,1014504000
1879200,870594000
1882800,855219000
1886400,807618000
1890000,814260000
1893600,830250000
1897200,939966000
1900800,749439000
1904400,650916000
1908000,696672000
1911600,591384000
1915200,646488000
1918800,564939000
1922400,484374000
1926000,520044000
1929600,492984000
1933200,519552000
1936800,503070000
1940400,596796000
1944000,461004000
1947600,580806000
1951200,494706000
1954800,535542000
1958400,598764000
1962000,545874000
1965600,504546000
1969200,539970000
1972800,572196000
1976400,577362000
1980000,554238000
1983600,509466000
1987200,490770000
1990800,470967000
1994400,560142000
1998000,486834000
2001600,469368000
2005200,463710000
2008800,450549000
2012400,461004000
2016000,402210000
2019600,427302000
2023200,424350000
2026800,483390000
