0,130626000
3600,139236000
7200,209346000
10800,189174000
14400,195939000
18000,179580000
21600,169002000
25200,174660000
28800,187452000
32400,154242000
36000,212298000
39600,134808000
43200,136038000
46800,218694000
50400,155472000
54000,229272000
57600,191880000
61200,175398000
64800,178350000
68400,160392000
72000,138498000
75600,155226000
79200,143664000
82800,156456000
86400,130626000
90000,139236000
93600,209346000
97200,189174000
100800,195939000
104400,179580000
108000,169002000
111600,174660000
115200,187452000
118800,154242000
122400,212298000
126000,134808000
129600,136038000
133200,218694000
136800,155472000
140400,229272000
144000,191880000
147600,175398000
151200,178350000
154800,160392000
158400,138498000
162000,155226000
165600,143664000
169200,156456000
172800,130626000
176400,139236000
180000,209346000
183600,189174000
187200,195939000
190800,179580000
194400,169002000
198000,174660000
201600,187452000
205200,154242000
208800,212298000
212400,134808000
216000,136038000
219600,218694000
223200,155472000
226800,229272000
230400,191880000
234000,175398000
237600,178350000
241200,160392000
244800,138498000
248400,155226000
252000,143664000
255600,156456000
259200,130626000
262800,139236000
266400,209346000
270000,189174000
273600,195939000
277200,179580000
280800,169002000
284400,174660000
288000,187452000
291600,154242000
295200,212298000
298800,134808000
302400,136038000
306000,218694000
309600,155472000
313200,229272000
316800,191880000
320400,175398000
324000,178350000
327600,160392000
331200,138498000
334800,155226000
338400,143664000
342000,156456000
345600,130626000
349200,139236000
352800,209346000
356400,189174000
360000,195939000
363600,179580000
367200,169002000
370800,174660000
374400,187452000
378000,154242000
381600,212298000
385200,134808000
388800,136038000
392400,218694000
396000,155472000
399600,229272000
403200,191880000
406800,175398000
410400,178350000
414000,160392000
417600,138498000
421200,155226000
424800,143664000
428400,156456000
432000,130626000
435600,139236000
439200,101352000
442800,155226000
446400,110700000
450000,117219000
453600,150798000
457200,132594000
460800,151290000
464400,149814000
468000,184254000
471600,143295000
475200,143664000
478800,118818000
482400,130872000
486000,173676000
489600,184746000
493200,203196000
496800,235914000
500400,243048000
504000,202212000
507600,237882000
511200,191388000
514800,197538000
518400,234192000
522000,186960000
525600,208731000
529200,130380000
532800,145878000
536400,140712000
540000,140466000
543600,99138000
547200,114636000
550800,123492000
554400,106026000
558000,93972000
561600,106641000
565200,133332000
568800,69372000
572400,59778000
576000,65928000
579600,81672000
583200,70602000
586800,113652000
590400,40836000
594000,124230000
597600,106272000
601200,79993928.5714286
604800,67158000
608400,59286000
612000,70848000
615600,90651000
619200,68142000
622800,80442000
626400,80196000
630000,67404000
633600,90897000
637200,64452000
640800,37884000
644400,60762000
648000,0
651600,48339000
655200,63714000
658800,71340000
662400,50922000
666000,80934000
669600,45756000
673200,113652000
676800,40836000
680400,124230000
684000,106272000
687600,77094642.8571429
691200,67158000
694800,59286000
698400,70848000
702000,90651000
705600,68142000
709200,80442000
712800,80196000
716400,67404000
720000,90897000
723600,64452000
727200,37884000
730800,60762000
734400,0
738000,48339000
741600,63714000
745200,71340000
748800,50922000
752400,80934000
756000,45756000
759600,49399875
763200,54596625
766800,48554250
770400,46217250
774000,40205625
777600,38083875
781200,38268375
784800,34194000
788400,41574000
792000,0
795600,45018000
799200,23247000
802800,33948000
806400,82410000
810000,8856000
813600,35916000
817200,25707000
820800,0
824400,81180000
828000,60270000
831600,73800000
835200,44157000
838800,95694000
842400,25830000
846000,71586000
849600,80688000
853200,110208000
856800,78228000
860400,97416000
864000,56740846.1538462
867600,55719000
871200,34194000
874800,41574000
878400,0
882000,45018000
885600,23247000
889200,33948000
892800,82410000
896400,8856000
9e+05,35916000
903600,25707000
907200,0
910800,81180000
914400,60270000
918000,73800000
921600,44157000
925200,95694000
928800,25830000
932400,71586000
936000,80688000
939600,110208000
943200,78228000
946800,97416000
950400,93726000
954000,111438000
957600,27060000
961200,78843000
964800,29766000
968400,75768000
972000,81487500
975600,86961000
979200,107256000
982800,63960000
986400,100245000
990000,98707500
993600,118695000
997200,115620000
1000800,90036000
1004400,57195000
1008000,84624000
1011600,145386000
1015200,102090000
1018800,100368000
1022400,131610000
1026000,113652000
1029600,73308000
1033200,104796000
1036800,93726000
1040400,111438000
1044000,19926000
1047600,116112000
1051200,59532000
1054800,106518000
1058400,139728000
1062000,139974000
1065600,132102000
1069200,119064000
1072800,164574000
1076400,171708000
1080000,237390000
1083600,221154000
1087200,203442000
1090800,219186000
1094400,254979000
1098000,240834000
1101600,283146000
1105200,320538000
1108800,289296000
1112400,333330000
1116000,314388000
1119600,238620000
1123200,292986000
1126800,249936000
1130400,238128000
1134000,204180000
1137600,185730000
1141200,130134000
1144800,149568000
1148400,142065000
1152000,200736000
1155600,149568000
1159200,169002000
1162800,233700000
1166400,177735000
1170000,262974000
1173600,218694000
1177200,208608000
1180800,229518000
1184400,244647000
1188000,243294000
1191600,257562000
1195200,268632000
1198800,319800000
1202400,252396000
1206000,277734000
1209600,267894000
1213200,233454000
1216800,267894000
1220400,196677000
1224000,237144000
1227600,291756000
1231200,287082000
1234800,301350000
1238400,267771000
1242000,338004000
1245600,271092000
1249200,311190000
1252800,320538000
1256400,296430000
1260000,305532000
1263600,225828000
1267200,321522000
1270800,381054000
1274400,361866000
1278000,368877000
1281600,323244000
1285200,328902000
1288800,366540000
1292400,309960000
1296000,421644000
1299600,228780000
1303200,253380000
1306800,224106000
1310400,224106000
1314000,220293000
1317600,184500000
1321200,258792000
1324800,230502000
1328400,187944000
1332000,245754000
1335600,246492000
1339200,207624000
1342800,218448000
1346400,241572000
1350000,189420000
1353600,186960000
1357200,216480000
1360800,182778000
1364400,165066000
1368000,186837000
1371600,160392000
1375200,184500000
1378800,197538000
1382400,163098000
1386000,190158000
1389600,134316000
1393200,170478000
1396800,153504000
1400400,133578000
1404000,147231000
1407600,168264000
1411200,143910000
1414800,142188000
1418400,139236000
1422000,137391000
1425600,169986000
1429200,176382000
1432800,159900000
1436400,162114000
1440000,165927000
1443600,133578000
1447200,145386000
1450800,123246000
1454400,142680000
1458000,172569000
1461600,151290000
1465200,146862000
1468800,178350000
1472400,164082000
1476000,143418000
1479600,133578000
1483200,112914000
1486800,119064000
1490400,138006000
1494000,120294000
1497600,131118000
1501200,95202000
1504800,105780000
1508400,81672000
1512000,124968000
1515600,118203000
1519200,118326000
1522800,95940000
1526400,99138000
1530000,110454000
1533600,142557000
1537200,104550000
1540800,190158000
1544400,152766000
1548000,142926000
1551600,113160000
1555200,101475000
1558800,82902000
1562400,91266000
1566000,71340000
1569600,86346000
1573200,91635000
1576800,143418000
1580400,65682000
1584000,80688000
1587600,154980000
1591200,112053000
1594800,110946000
1598400,140958000
1602000,77490000
1605600,124968000
1609200,100614000
1612800,140466000
1616400,136776000
1620000,109224000
1623600,140712000
1627200,86592000
1630800,85608000
1634400,127920000
1638000,86838000
1641600,121524000
1645200,62238000
1648800,74046000
1652400,75522000
1656000,66174000
1659600,98892000
1663200,115743000
1666800,112422000
1670400,151782000
1674000,1.23e+08
1677600,198030000
1681200,156825000
1684800,183024000
1688400,145386000
1692000,144894000
1695600,184254000
1699200,159900000
1702800,141450000
1706400,142434000
1710000,127428000
1713600,149076000
1717200,138867000
1720800,162606000
1724400,172446000
1728000,134316000
1731600,146616000
1735200,139482000
1738800,100860000
1742400,114882000
1746000,139236000
1749600,108240000
1753200,115497000
1756800,125460000
1760400,150552000
1764000,110700000
1767600,149568000
1771200,118449000
1774800,95694000
1778400,1.23e+08
1782000,136284000
1785600,92496000
1789200,119556000
1792800,140958000
1796400,116850000
1800000,107256000
1803600,86592000
1807200,138498000
1810800,99876000
1814400,105288000
1818000,98646000
1821600,99876000
1825200,80442000
1828800,77982000
1832400,81180000
1836000,96924000
1839600,82410000
1843200,57810000
1846800,70233000
1850400,93972000
1854000,125460000
1857600,89544000
1861200,101598000
1864800,77244000
1868400,89052000
1872000,78966000
1875600,81672000
1879200,91512000
1882800,78474000
1886400,50676000
1890000,83148000
1893600,57564000
1897200,232716000
1900800,121647000
1904400,80196000
1908000,61254000
1911600,20664000
1915200,29028000
1918800,16359000
1922400,39852000
1926000,39606000
1929600,39606000
1933200,0
1936800,44034000
1940400,38622000
1944000,23124000
1947600,29274000
1951200,38622000
1954800,0
1958400,83394000
1962000,0
1965600,67404000
1969200,50184000
1972800,36039000
1976400,44280000
1980000,44034000
1983600,26814000
1987200,19188000
1990800,12915000
1994400,22878000
1998000,31242000
2001600,0
2005200,47478000
2008800,12669000
2012400,37146000
2016000,34932000
2019600,36162000
2023200,33948000
2026800,0
