0,133567620.69266
3600,180090585.640886
7200,161380216.117227
10800,111922010.131577
14400,86556052.8915327
18000,76339669.4143537
21600,52546788.2734527
25200,0
28800,0
32400,0
36000,30596523.9532115
39600,0
43200,0
46800,0
50400,32966088.8939337
54000,1875767.50999547
57600,44688538.9605769
61200,23593625.0474136
64800,51644478.3441305
68400,14974998.5422501
72000,38573099.215334
75600,59288964.0283857
79200,100629065.959217
82800,104441502.741839
86400,133567620.69266
90000,180090585.640886
93600,161380216.117227
97200,111922010.131577
100800,86556052.8915327
104400,76339669.4143537
108000,52546788.2734527
111600,0
115200,0
118800,0
122400,30596523.9532115
126000,0
129600,0
133200,0
136800,32966088.8939337
140400,1875767.50999547
144000,44688538.9605769
147600,23593625.0474136
151200,51644478.3441305
154800,14974998.5422501
158400,38573099.215334
162000,59288964.0283857
165600,100629065.959217
169200,104441502.741839
172800,133567620.69266
176400,180090585.640886
180000,161380216.117227
183600,111922010.131577
187200,86556052.8915327
190800,76339669.4143537
194400,52546788.2734527
198000,0
201600,0
205200,0
208800,30596523.9532115
212400,0
216000,0
219600,0
223200,32966088.8939337
226800,1875767.50999547
230400,44688538.9605769
234000,23593625.0474136
237600,51644478.3441305
241200,14974998.5422501
244800,38573099.215334
248400,59288964.0283857
252000,100629065.959217
255600,104441502.741839
259200,133567620.69266
262800,180090585.640886
266400,161380216.117227
270000,111922010.131577
273600,86556052.8915327
277200,76339669.4143537
280800,52546788.2734527
284400,0
288000,0
291600,0
295200,30596523.9532115
298800,0
302400,0
306000,0
309600,32966088.8939337
313200,1875767.50999547
316800,44688538.9605769
320400,23593625.0474136
324000,51644478.3441305
327600,14974998.5422501
331200,38573099.215334
334800,59288964.0283857
338400,100629065.959217
342000,104441502.741839
345600,133567620.69266
349200,180090585.640886
352800,161380216.117227
356400,111922010.131577
360000,86556052.8915327
363600,76339669.4143537
367200,52546788.2734527
370800,0
374400,0
378000,0
381600,30596523.9532115
385200,0
388800,38474095.9695751
392400,0
396000,14474449.9633
399600,0
403200,38995546.7125969
406800,25838114.2136647
410400,13759148.1071473
414000,0
417600,6580317.34099335
421200,47751310.3022979
424800,68641609.9238168
428400,80784813.5353851
432000,95564838.5026158
435600,43995269.5846743
439200,41991475.7210891
442800,46774094.8631213
446400,26226423.4965276
450000,62492535.3343555
453600,7427768.13565266
457200,11501171.6189842
460800,11885266.8426922
464400,0
468000,0
471600,3340457.12734112
475200,8483420.86600218
478800,32683493.3382883
482400,8713935.29420181
486000,4244246.87042743
489600,20875865.5107365
493200,686324.510358359
496800,42538071.8406223
500400,33432937.4649007
504000,20111717.2862719
507600,28541928.0273901
511200,7810648.76107968
514800,0
518400,40761681.4642897
522000,31150723.5420234
525600,4431092.94127166
529200,53385406.7924562
532800,393834018.421128
536400,57633681.3067017
540000,0
543600,0
547200,0
550800,0
554400,9112669.05997062
558000,3219425.50420154
561600,0
565200,9360683.71842969
568800,750039.190450997
572400,9915008.64367384
576000,10081536.5904459
579600,11791947.1649866
583200,25260742.420766
586800,0
590400,54746103.4844834
594000,107432391.475772
597600,40818389.1216557
601200,54492265.3627008
604800,30420271.329224
608400,38531978.8953332
612000,21749514.7791585
615600,91586042.4957502
619200,0
622800,3779623.20647287
626400,751889.826664182
630000,0
633600,6863478.89214672
637200,16577056.70106
640800,951528.009505816
644400,23344621.551065
648000,14208552.2391815
651600,0
655200,0
658800,6048707.93936606
662400,0
666000,0
669600,11380841.5810289
673200,0
676800,0
680400,0
684000,0
687600,13980180.3757412
691200,47484816.6694624
694800,91747938.3069434
698400,14595030.4819253
702000,50888779.2035658
705600,55542893.6743389
709200,35719251.2026929
712800,8725714.03811796
716400,0
720000,10216952.1418798
723600,19054136.6876918
727200,3482646.25586827
730800,20188290.7076836
734400,0
738000,0
741600,0
745200,23433842.8477226
748800,24495231.1259143
752400,43763730.3057282
756000,13669085.9443649
759600,0
763200,3281070.22577148
766800,21157520.3505004
770400,0
774000,34603702.4850837
777600,13666930.3271576
781200,20667571.2137868
784800,6256678.90170861
788400,0
792000,0
795600,0
799200,0
802800,0
806400,0
810000,0
813600,0
817200,0
820800,0
824400,39396244.9981282
828000,3680992.38687718
831600,412053.610520187
835200,19045424.9116209
838800,0
842400,29595873.0915355
846000,0
849600,8660208.80486354
853200,3326060.46924189
856800,99525957.6194448
860400,104277506.995963
864000,25236327.3689707
867600,17346858.8448158
871200,6531793.2661065
874800,46866446.9368061
878400,12632443.8394008
882000,45556565.0504137
885600,0
889200,0
892800,12266662.0692648
896400,0
9e+05,0
903600,5477811.89730596
907200,7358248.17681015
910800,0
914400,7286892.99643268
918000,6588967.05813903
921600,13004223.7232932
925200,22699972.5554528
928800,23647529.2041266
932400,19578269.9320778
936000,33173660.2182593
939600,40435344.355302
943200,36759399.5066308
946800,42239576.5494424
950400,0
954000,0
957600,6653088.88410171
961200,9708671.51322061
964800,30342859.7364697
968400,34887335.3428975
972000,0
975600,0
979200,10055970.6444131
982800,0
986400,0
990000,16061664.1307191
993600,2181694.91803914
997200,0
1000800,4745989.38439827
1004400,8906608.48488716
1008000,435197.902657224
1011600,4966603.68845868
1015200,29066739.0874089
1018800,39532266.2646544
1022400,16990050.0604532
1026000,0
1029600,13795167.7145001
1033200,25856905.5122155
1036800,43021895.3202309
1040400,36448419.3573136
1044000,29229241.6786967
1047600,7711469.90429199
1051200,50387407.4316096
1054800,19823578.4808211
1058400,23473872.700138
1062000,0
1065600,0
1069200,24629254.1577778
1072800,6601561.93053165
1076400,3308160.52359465
1080000,0
1083600,0
1087200,0
1090800,16227428.95608
1094400,0
1098000,0
1101600,0
1105200,2929474.06782713
1108800,7553994.0672621
1112400,67663075.7863282
1116000,71859067.6342732
1119600,105896535.729448
1123200,148275816.636035
1126800,94673369.9196469
1130400,142427598.779082
1134000,105403266.372508
1137600,95021828.7327435
1141200,62197255.3845609
1144800,32430311.5578706
1148400,21740466.9285619
1152000,37238093.1195639
1155600,17998281.6649261
1159200,16324571.6019285
1162800,13712861.0485838
1166400,1700401.27431478
1170000,0
1173600,1087158.37611423
1177200,0
1180800,0
1184400,10772130.6291896
1188000,0
1191600,0
1195200,9282085.20706222
1198800,29734017.4412362
1202400,36804731.7916559
1206000,43246645.9437573
1209600,38554786.3064438
1213200,42354836.7274926
1216800,46529586.0170315
1220400,38847382.5692064
1224000,11649602.4973906
1227600,2413682.91205243
1231200,0
1234800,4181666.20886144
1238400,0
1242000,0
1245600,23000929.011876
1249200,0
1252800,0
1256400,36446239.2590159
1260000,0
1263600,15996973.6972038
1267200,0
1270800,0
1274400,0
1278000,0
1281600,20640356.097097
1285200,53540459.6641976
1288800,0
1292400,42878614.3678683
1296000,24098310.6036501
1299600,36325149.2488533
1303200,34968773.1196464
1306800,31566923.6891606
1310400,16963995.7179367
1314000,0
1317600,0
1321200,24278001.8137302
1324800,0
1328400,1625210.42857352
1332000,41626624.5183296
1335600,1556196.54621991
1339200,18303831.9799224
1342800,0
1346400,0
1350000,0
1353600,16852733.4930496
1357200,0
1360800,749229.616296318
1364400,1513989.27568562
1368000,0
1371600,0
1375200,37149022.014136
1378800,0
1382400,18587700.989029
1386000,35756755.8193983
1389600,0
1393200,5179105.25384042
1396800,4522771.10403008
1400400,20867288.3134452
1404000,0
1407600,0
1411200,0
1414800,0
1418400,0
1422000,21845945.2205268
1425600,0
1429200,4907730.2949955
1432800,0
1436400,4152780.12676931
1440000,0
1443600,6696873.25298198
1447200,9445131.32402706
1450800,0
1454400,0
1458000,16162134.456051
1461600,0
1465200,15465480.1087728
1468800,25238402.5762049
1472400,4158596.86505229
1476000,0
1479600,33595868.9980254
1483200,5988661.59630817
1486800,31259738.3660935
1490400,992036.083824023
1494000,0
1497600,0
1501200,6339427.98111514
1504800,37287775.0890701
1508400,1870296.84893738
1512000,6970991.9833455
1515600,0
1519200,0
1522800,14657938.3130991
1526400,9219670.79169082
1530000,0
1533600,2476507.62880154
1537200,0
1540800,0
1544400,0
1548000,54328421.3181086
1551600,0
1555200,0
1558800,3204925.52659514
1562400,31308065.7892615
1566000,5742068.16501267
1569600,26761082.3908016
1573200,0
1576800,0
1580400,0
1584000,0
1587600,0
1591200,0
1594800,29209760.269077
1598400,0
1602000,18635777.9452207
1605600,739269.517607705
1609200,0
1612800,0
1616400,0
1620000,0
1623600,0
1627200,0
1630800,8435709.35342539
1634400,0
1638000,11730583.6578404
1641600,0
1645200,0
1648800,11865064.3058108
1652400,0
1656000,25616874.6720591
1659600,0
1663200,0
1666800,0
1670400,0
1674000,0
1677600,7356341.70825188
1681200,0
1684800,0
1688400,6430909.16554412
1692000,10003997.1347643
1695600,11155302.8464619
1699200,10100459.9069926
1702800,0
1706400,0
1710000,6930070.73493322
1713600,0
1717200,9252612.14507832
1720800,1153543.83263209
1724400,19955878.9547715
1728000,17495581.9067646
1731600,28915767.2764676
1735200,0
1738800,782311.785569853
1742400,19646327.6038247
1746000,21544983.2516514
1749600,16803073.2425462
1753200,8893258.0539869
1756800,0
1760400,21687737.3536242
1764000,0
1767600,0
1771200,0
1774800,4703282.35598003
1778400,7417575.32792862
1782000,9502470.34201112
1785600,15473217.8254746
1789200,0
1792800,4715869.13347511
1796400,4985347.09317368
1800000,5694355.86500787
1803600,76046011.0307096
1807200,148412064.98928
1810800,68946556.6272999
1814400,41317871.1409796
1818000,7815481.92992242
1821600,67013115.3666069
1825200,35804031.7455648
1828800,0
1832400,32419346.2616762
1836000,13960133.1551286
1839600,0
1843200,27023255.2290974
1846800,25061060.6007644
1850400,818282.928408163
1854000,0
1857600,4944048.98405292
1861200,0
1864800,0
1868400,2534679.54980914
1872000,2468857.14283103
1875600,14966888.6621246
1879200,0
1882800,0
1886400,67483984.64057
1890000,35506520.0752995
1893600,53734646.0851543
1897200,45488747.3965847
1900800,29908549.1995169
1904400,25086693.1304892
1908000,30356303.4793871
1911600,6674403.52622885
1915200,40489230.8206886
1918800,48092672.3880181
1922400,22211763.1359885
1926000,6787653.76845825
1929600,2988618.83089588
1933200,0
1936800,0
1940400,0
1944000,11823399.3922019
1947600,0
1951200,14390838.4922745
1954800,14600753.1070785
1958400,6679919.99232155
1962000,8120407.51222274
1965600,15173016.677036
1969200,43362087.0661734
1972800,0
1976400,9013284.88692618
1980000,44514803.8028428
1983600,46968450.4011775
1987200,53084312.6060294
1990800,15128849.0770161
1994400,38196780.5206029
1998000,52964526.202948
2001600,39602876.514105
2005200,32976173.657764
2008800,11393503.145122
2012400,0
2016000,30370165.3806678
2019600,7034378.49558597
2023200,0
2026800,12796041.3148395
