0,831728761.194981
3600,850401571.676903
7200,763069561.410649
10800,686315090.69004
14400,721047236.195427
18000,594852669.738173
21600,586964491.720324
25200,558875990.92236
28800,582968669.362165
32400,726543255.729019
36000,752915438.684857
39600,714236756.968211
43200,850329767.008912
46800,817679302.223376
50400,950833311.373057
54000,915900397.396509
57600,878941493.752193
61200,855691520.242903
64800,832651656.945252
68400,807175990.138891
72000,797608252.891554
75600,746152529.484473
79200,773040204.701389
82800,830927888.524616
86400,831728761.194981
90000,850401571.676903
93600,763069561.410649
97200,686315090.69004
100800,721047236.195427
104400,594852669.738173
108000,586964491.720324
111600,558875990.92236
115200,582968669.362165
118800,726543255.729019
122400,752915438.684857
126000,714236756.968211
129600,850329767.008912
133200,817679302.223376
136800,950833311.373057
140400,915900397.396509
144000,878941493.752193
147600,855691520.242903
151200,832651656.945252
154800,807175990.138891
158400,797608252.891554
162000,746152529.484473
165600,773040204.701389
169200,830927888.524616
172800,831728761.194981
176400,850401571.676903
180000,763069561.410649
183600,686315090.69004
187200,721047236.195427
190800,594852669.738173
194400,586964491.720324
198000,558875990.92236
201600,582968669.362165
205200,726543255.729019
208800,752915438.684857
212400,714236756.968211
216000,850329767.008912
219600,817679302.223376
223200,950833311.373057
226800,915900397.396509
230400,878941493.752193
234000,855691520.242903
237600,832651656.945252
241200,807175990.138891
244800,797608252.891554
248400,746152529.484473
252000,773040204.701389
255600,830927888.524616
259200,831728761.194981
262800,850401571.676903
266400,763069561.410649
270000,686315090.69004
273600,721047236.195427
277200,594852669.738173
280800,586964491.720324
284400,558875990.92236
288000,582968669.362165
291600,726543255.729019
295200,752915438.684857
298800,714236756.968211
302400,850329767.008912
306000,817679302.223376
309600,950833311.373057
313200,915900397.396509
316800,878941493.752193
320400,855691520.242903
324000,832651656.945252
327600,807175990.138891
331200,797608252.891554
334800,746152529.484473
338400,773040204.701389
342000,830927888.524616
345600,831728761.194981
349200,850401571.676903
352800,763069561.410649
356400,686315090.69004
360000,721047236.195427
363600,594852669.738173
367200,586964491.720324
370800,558875990.92236
374400,582968669.362165
378000,726543255.729019
381600,752915438.684857
385200,714236756.968211
388800,672471245.169494
392400,847473449.636426
396000,785024574.093023
399600,771348402.297292
403200,725194211.125701
406800,3208927733.88924
410400,815156146.056386
414000,866749330.935019
417600,777712150.201946
421200,726659867.766476
424800,501962511.238236
428400,395603522.519369
432000,479426174.788587
435600,572432366.92749
439200,454625687.928533
442800,520305972.137878
446400,459654941.329979
450000,362723363.72684
453600,429474087.275348
457200,338428421.108357
460800,366929465.839891
464400,344410509.203859
468000,441312895.063223
471600,379276758.258644
475200,490796092.714477
478800,723254681.335271
482400,866491015.065076
486000,789327171.844435
489600,718651073.221427
493200,2120073592.94585
496800,3049766466.29488
500400,2291273796.83425
504000,621556109.734215
507600,372337495.826934
511200,515271914.411766
514800,549492422.552906
518400,420634432.634604
522000,374142165.689807
525600,409516516.451861
529200,301354855.126538
532800,2250072621.49009
536400,370869436.574144
540000,336872508.796213
543600,366081817.130064
547200,255578436.963189
550800,317885131.656476
554400,1402557451.75164
558000,436618527.237439
561600,2006838179.55947
565200,288528836.256858
568800,318510024.238689
572400,347836799.839176
576000,338493388.114584
579600,210527109.607045
583200,264681684.514229
586800,246151660.630412
590400,1701526348.65927
594000,348787312.930001
597600,285143206.512751
601200,191833135.155569
604800,219686044.988481
608400,322637352.814973
612000,250055279.673792
615600,262475799.41027
619200,295766214.45095
622800,271366183.086703
626400,257939366.562518
630000,219332689.488699
633600,205350033.259844
637200,187614708.11769
640800,116869402.221621
644400,187044338.934411
648000,183548399.789937
651600,195000273.142755
655200,232809629.833613
658800,169109972.887531
662400,146943069.200654
666000,238935974.724227
669600,177560491.97767
673200,148304224.75071
676800,228352080.630431
680400,210430025.779943
684000,128502827.921612
687600,75233134.75229
691200,185935129.83246
694800,265607127.897656
698400,273888672.724735
702000,282431380.840866
705600,170008099.516178
709200,231640584.677646
712800,204035353.920444
716400,110776264.04134
720000,113115437.739387
723600,200538506.575423
727200,363978135.051472
730800,135427248.471241
734400,237857279.911204
738000,196689148.878855
741600,198198484.847056
745200,179378087.09256
748800,210085212.322367
752400,132559887.91878
756000,161972673.050089
759600,208689187.633858
763200,183011016.187882
766800,172438572.622599
770400,32543893.2876105
774000,155354546.43254
777600,192207456.250305
781200,183057217.921428
784800,283390114.459945
788400,210075877.892751
792000,225187954.835736
795600,177193615.093844
799200,274221257.253188
802800,206245663.886585
806400,257180830.943761
810000,208910948.309247
813600,212171060.452714
817200,261782282.740172
820800,137065421.921565
824400,2039318271.41084
828000,954719462.107055
831600,3256064408.60949
835200,1688915210.58463
838800,156361056.00536
842400,99139461.3864942
846000,201461767.289004
849600,158223684.542115
853200,226752056.831176
856800,566475778.487599
860400,585264560.401689
864000,247888493.196916
867600,220131034.89371
871200,204405885.273006
874800,195143421.056425
878400,259237857.715757
882000,124548640.041357
885600,198701950.808239
889200,178889531.086901
892800,101770429.449546
896400,148360524.241991
9e+05,183044762.428315
903600,239437292.70928
907200,120814927.937805
910800,241073996.068318
914400,156928858.537579
918000,268818160.322031
921600,242674171.075074
925200,207725561.628221
928800,283580412.164401
932400,214314131.278846
936000,184550167.033812
939600,138964274.132321
943200,240487974.778853
946800,352193694.308164
950400,143087525.459248
954000,252754475.401545
957600,288665170.296963
961200,257020426.719888
964800,231974113.552795
968400,230594687.134875
972000,180814746.746779
975600,166408361.797364
979200,161119064.460348
982800,223901514.222262
986400,211460126.692725
990000,229591676.804702
993600,237195770.842147
997200,304640475.478358
1000800,255780744.060194
1004400,206841226.426653
1008000,1083303126.64693
1011600,300683969.493075
1015200,329226108.810284
1018800,255363921.777917
1022400,169669277.791224
1026000,198133688.169019
1029600,179363910.767024
1033200,204985674.74928
1036800,293748597.490443
1040400,339071897.457435
1044000,274988609.471368
1047600,278723417.48365
1051200,333008228.816913
1054800,363920885.152926
1058400,361503974.237664
1062000,388955740.902812
1065600,377496379.031616
1069200,437847804.193211
1072800,425564271.532241
1076400,797797317.642162
1080000,542766294.767038
1083600,607818980.517995
1087200,630187057.494964
1090800,516857536.368416
1094400,1139783349.44545
1098000,1216666883.09117
1101600,777159367.431637
1105200,855231761.825989
1108800,726716655.109839
1112400,594509379.564317
1116000,580614708.626254
1119600,580902831.248231
1123200,612378614.851813
1126800,702160702.636043
1130400,618031422.271489
1134000,624063446.780449
1137600,533292704.382096
1141200,641114296.570607
1144800,328242632.516117
1148400,371074115.241189
1152000,241725662.60949
1155600,233319567.438735
1159200,314493500.910749
1162800,343954066.729085
1166400,444491300.579242
1170000,362577840.317612
1173600,352530124.72656
1177200,356129181.849314
1180800,475422728.235027
1184400,408961367.750855
1188000,529891224.713285
1191600,518486882.960367
1195200,420796113.435376
1198800,469956070.530461
1202400,327706873.702849
1206000,531710181.285542
1209600,511374371.035646
1213200,466554219.586236
1216800,510207495.221043
1220400,386612085.491177
1224000,340016544.820661
1227600,271814374.481846
1231200,328772525.101111
1234800,278383021.913554
1238400,292191084.986568
1242000,284987716.909498
1245600,254897711.903194
1249200,267690507.204892
1252800,320771510.554721
1256400,328612452.033236
1260000,427902170.357216
1263600,509896722.044567
1267200,396406083.094979
1270800,421241317.930674
1274400,467541358.288733
1278000,515420358.738976
1281600,508829658.198239
1285200,477235077.18238
1288800,335026545.979544
1292400,362476437.998732
1296000,448290111.100483
1299600,320545712.963477
1303200,368858305.05751
1306800,361486756.719467
1310400,274439399.599276
1314000,310914661.342233
1317600,318838653.366697
1321200,164002507.815958
1324800,297624863.113075
1328400,338114110.420181
1332000,318332416.001987
1335600,445173812.441636
1339200,419002352.88738
1342800,426785539.377022
1346400,528762299.771016
1350000,503471971.464722
1353600,447303469.700009
1357200,438284663.853464
1360800,420777920.16503
1364400,470461308.774695
1368000,488467598.357044
1371600,396252370.319576
1375200,313568440.036675
1378800,352298277.557239
1382400,380941403.752687
1386000,358460043.584439
1389600,312240708.503981
1393200,373404716.578071
1396800,322062010.284606
1400400,246387778.742309
1404000,252761591.848822
1407600,190200527.065322
1411200,247877044.023537
1414800,266997710.600381
1418400,279722525.33826
1422000,345259659.740288
1425600,327858185.975703
1429200,272583896.828609
1432800,364073629.282379
1436400,680834634.764282
1440000,761122077.754241
1443600,938751146.267783
1447200,706960372.978934
1450800,658150363.216227
1454400,474301558.877406
1458000,381440031.449917
1461600,213701026.837279
1465200,256318448.777664
1468800,267858373.968785
1472400,261411235.919094
1476000,347216232.824918
1479600,175677716.464093
1483200,224999106.959588
1486800,189902039.165917
1490400,211210260.072162
1494000,220125241.624258
1497600,169025990.504617
1501200,108468130.183145
1504800,187336212.436723
1508400,262726920.623178
1512000,205454163.863609
1515600,209344434.883212
1519200,299670342.279609
1522800,351134197.175106
1526400,283056199.49746
1530000,327643118.898767
1533600,283489526.758152
1537200,444652536.314993
1540800,307149767.067976
1544400,246039495.993501
1548000,685261606.725364
1551600,288534997.940458
1555200,248440169.7981
1558800,233797437.488203
1562400,338883024.774336
1566000,256291073.905966
1569600,191484984.18963
1573200,240742796.94147
1576800,181117188.606463
1580400,228314015.851258
1584000,441608410.06302
1587600,268631377.052212
1591200,407204279.111128
1594800,365430206.206317
1598400,462865196.631176
1602000,284667682.305224
1605600,444379939.176515
1609200,455247982.90975
1612800,389133865.894361
1616400,499718752.74171
1620000,315877447.026158
1623600,463209205.249875
1627200,372757008.814286
1630800,260577069.572385
1634400,203709094.122657
1638000,228864520.276142
1641600,243871452.584281
1645200,249250520.898085
1648800,257671147.474335
1652400,279933095.747607
1656000,303102294.359511
1659600,314510447.700116
1663200,261327330.594207
1666800,311858256.799382
1670400,352413608.649198
1674000,277852654.426622
1677600,297946383.022065
1681200,404149823.436634
1684800,435071240.239674
1688400,355621303.332765
1692000,361393030.348349
1695600,317378644.183544
1699200,316890342.308464
1702800,315276336.385849
1706400,374788992.896737
1710000,357379070.189383
1713600,365287841.720977
1717200,365474226.946376
1720800,369848136.623875
1724400,354618620.543528
1728000,298304164.569468
1731600,331061777.487424
1735200,397112654.985546
1738800,366514736.467081
1742400,318253750.684616
1746000,376006059.818426
1749600,336726753.235105
1753200,356692856.404731
1756800,340337258.402231
1760400,304667726.857226
1764000,375848018.643306
1767600,307396012.379252
1771200,312171441.784985
1774800,300571306.842382
1778400,293362874.859273
1782000,359784931.248568
1785600,238395354.669336
1789200,312129113.811228
1792800,227356693.985566
1796400,363139979.614047
1800000,360429273.217795
1803600,664109852.883067
1807200,424230448.991217
1810800,240928677.910653
1814400,324510673.728742
1818000,324453478.053866
1821600,301423472.775262
1825200,328811688.573601
1828800,347592089.224063
1832400,322091866.342618
1836000,253846714.109597
1839600,248074341.75284
1843200,199478386.386585
1846800,191238727.324974
1850400,242709057.322955
1854000,276188540.43336
1857600,199601475.166789
1861200,204517611.335616
1864800,229916607.438482
1868400,295961564.201859
1872000,267252582.901261
1875600,289498933.513107
1879200,281483633.593321
1882800,230025809.731374
1886400,317602347.429267
1890000,251928025.22871
1893600,70580750.6079329
1897200,184311656.360723
1900800,393903338.060919
1904400,255919828.827012
1908000,254976272.128347
1911600,184242241.008902
1915200,260018447.705339
1918800,345582602.652357
1922400,398317818.821067
1926000,251083372.929364
1929600,290848948.212734
1933200,192728025.431491
1936800,244175782.164176
1940400,335710810.415923
1944000,282855764.279503
1947600,248417680.829668
1951200,236124603.640594
1954800,157424580.850621
1958400,222748900.392058
1962000,261996304.502622
1965600,223288577.218582
1969200,242115495.532405
1972800,307648976.942963
1976400,198572493.325053
1980000,220858700.465845
1983600,322020656.867945
1987200,268842205.661883
1990800,285350703.563954
1994400,319012807.489222
1998000,245349972.377294
2001600,275622498.044234
2005200,311256404.024302
2008800,194447205.298621
2012400,181021926.892187
2016000,191014022.408115
2019600,260772709.00496
2023200,247023270.296088
2026800,262390375.806859
