0,1.18572e+12
3600,1.1808e+12
7200,1.16604e+12
10800,1.16358e+12
14400,1.13898e+12
18000,1.11438e+12
21600,1.11438e+12
25200,1.12422e+12
28800,1.12668e+12
32400,1.1439e+12
36000,1.13406e+12
39600,1.12914e+12
43200,1.1931e+12
46800,1.19556e+12
50400,1.20294e+12
54000,1.18818e+12
57600,1.18818e+12
61200,1.17834e+12
64800,1.16604e+12
68400,1.1562e+12
72000,1.16112e+12
75600,1.15866e+12
79200,1.16604e+12
82800,1.1808e+12
86400,1.18572e+12
90000,1.1808e+12
93600,1.16604e+12
97200,1.16358e+12
100800,1.13898e+12
104400,1.11438e+12
108000,1.11438e+12
111600,1.12422e+12
115200,1.12668e+12
118800,1.1439e+12
122400,1.13406e+12
126000,1.12914e+12
129600,1.1931e+12
133200,1.19556e+12
136800,1.20294e+12
140400,1.18818e+12
144000,1.18818e+12
147600,1.17834e+12
151200,1.16604e+12
154800,1.1562e+12
158400,1.16112e+12
162000,1.15866e+12
165600,1.16604e+12
169200,1.1808e+12
172800,1.18572e+12
176400,1.1808e+12
180000,1.16604e+12
183600,1.16358e+12
187200,1.13898e+12
190800,1.11438e+12
194400,1.11438e+12
198000,1.12422e+12
201600,1.12668e+12
205200,1.1439e+12
208800,1.13406e+12
212400,1.12914e+12
216000,1.1931e+12
219600,1.19556e+12
223200,1.20294e+12
226800,1.18818e+12
230400,1.18818e+12
234000,1.17834e+12
237600,1.16604e+12
241200,1.1562e+12
244800,1.16112e+12
248400,1.15866e+12
252000,1.16604e+12
255600,1.1808e+12
259200,1.18572e+12
262800,1.1808e+12
266400,1.16604e+12
270000,1.16358e+12
273600,1.13898e+12
277200,1.11438e+12
280800,1.11438e+12
284400,1.12422e+12
288000,1.12668e+12
291600,1.1439e+12
295200,1.13406e+12
298800,1.12914e+12
302400,1.1931e+12
306000,1.19556e+12
309600,1.20294e+12
313200,1.18818e+12
316800,1.18818e+12
320400,1.17834e+12
324000,1.16604e+12
327600,1.1562e+12
331200,1.16112e+12
334800,1.15866e+12
338400,1.16604e+12
342000,1.1808e+12
345600,1.18572e+12
349200,1.1808e+12
352800,1.16604e+12
356400,1.16358e+12
360000,1.13898e+12
363600,1.11438e+12
367200,1.11438e+12
370800,1.12422e+12
374400,1.12668e+12
378000,1.1439e+12
381600,1.13406e+12
385200,1.12914e+12
388800,1.14636e+12
392400,1.16358e+12
396000,1.17588e+12
399600,1.17342e+12
403200,1.17096e+12
406800,1.17834e+12
410400,1.18818e+12
414000,1.19802e+12
417600,1.21278e+12
421200,1.20786e+12
424800,1.1808e+12
428400,1.16112e+12
432000,1.13898e+12
435600,1.107e+12
439200,1.09224e+12
442800,1.07502e+12
446400,1.07256e+12
450000,1.0824e+12
453600,1.08486e+12
457200,1.08486e+12
460800,1.0824e+12
464400,1.0824e+12
468000,1.0824e+12
471600,1.07994e+12
475200,1.07256e+12
478800,1.07256e+12
482400,1.06518e+12
486000,1.07502e+12
489600,1.0824e+12
493200,1.07256e+12
496800,1.06518e+12
500400,1.06518e+12
504000,1.06518e+12
507600,1.06764e+12
511200,1.06272e+12
514800,1.05534e+12
518400,1.05042e+12
522000,1.04058e+12
525600,1.02828e+12
529200,1.02336e+12
532800,1.03074e+12
536400,1.01106e+12
540000,1.0086e+12
543600,1.0086e+12
547200,1.01106e+12
550800,1.02828e+12
554400,1.0455e+12
558000,1.04058e+12
561600,1.0332e+12
565200,1.03074e+12
568800,1.0332e+12
572400,1.03074e+12
576000,1.02828e+12
579600,1.01844e+12
583200,1.0209e+12
586800,1.0209e+12
590400,1.01352e+12
594000,1.01106e+12
597600,1.0086e+12
601200,1.00122e+12
604800,9.8892e+11
608400,9.7908e+11
612000,9.6186e+11
615600,9.5694e+11
619200,9.471e+11
622800,9.3972e+11
626400,9.3726e+11
630000,9.4218e+11
633600,9.5448e+11
637200,9.5448e+11
640800,9.4956e+11
644400,9.594e+11
648000,9.6678e+11
651600,9.6924e+11
655200,9.6924e+11
658800,9.6924e+11
662400,9.7416e+11
666000,9.717e+11
669600,9.717e+11
673200,9.7416e+11
676800,9.7908e+11
680400,9.7662e+11
684000,9.7908e+11
687600,9.7416e+11
691200,9.5448e+11
694800,9.5202e+11
698400,9.5448e+11
702000,9.3726e+11
705600,9.225e+11
709200,9.225e+11
712800,9.225e+11
716400,9.225e+11
720000,9.2742e+11
723600,9.348e+11
727200,9.348e+11
730800,9.3234e+11
734400,9.4218e+11
738000,9.471e+11
741600,9.4464e+11
745200,9.4218e+11
748800,9.4956e+11
752400,9.4956e+11
756000,9.5694e+11
759600,9.5694e+11
763200,9.594e+11
766800,9.6678e+11
770400,9.6924e+11
774000,9.6924e+11
777600,9.6924e+11
781200,9.6678e+11
784800,9.6678e+11
788400,9.6678e+11
792000,9.6678e+11
795600,9.7908e+11
799200,9.8892e+11
802800,9.9138e+11
806400,9.9138e+11
810000,9.8646e+11
813600,9.8646e+11
817200,9.8892e+11
820800,9.963e+11
824400,9.8154e+11
828000,9.717e+11
831600,9.6186e+11
835200,9.6678e+11
838800,9.7416e+11
842400,9.717e+11
846000,9.7416e+11
849600,9.717e+11
853200,9.6678e+11
856800,9.6186e+11
860400,9.471e+11
864000,9.348e+11
867600,9.3234e+11
871200,9.102e+11
874800,8.9544e+11
878400,8.8806e+11
882000,8.8068e+11
885600,8.8068e+11
889200,8.9052e+11
892800,9.0282e+11
896400,9.1266e+11
9e+05,9.2004e+11
903600,9.2496e+11
907200,9.348e+11
910800,9.5448e+11
914400,9.6186e+11
918000,9.6678e+11
921600,9.6678e+11
925200,9.9138e+11
928800,1.01352e+12
932400,1.02828e+12
936000,1.03074e+12
939600,1.02582e+12
943200,1.00614e+12
946800,9.9384e+11
950400,9.8154e+11
954000,9.6924e+11
957600,9.5694e+11
961200,9.4464e+11
964800,9.3726e+11
968400,9.2496e+11
972000,9.348e+11
975600,9.2742e+11
979200,9.225e+11
982800,9.4464e+11
986400,9.6924e+11
990000,9.7416e+11
993600,9.717e+11
997200,9.7416e+11
1000800,1.0209e+12
1004400,1.02828e+12
1008000,1.02336e+12
1011600,1.0332e+12
1015200,1.0332e+12
1018800,1.03566e+12
1022400,1.0332e+12
1026000,1.03812e+12
1029600,1.04058e+12
1033200,1.03566e+12
1036800,1.02582e+12
1040400,1.03812e+12
1044000,1.01598e+12
1047600,1.00122e+12
1051200,9.8892e+11
1054800,9.84e+11
1058400,9.8892e+11
1062000,9.8892e+11
1065600,9.84e+11
1069200,9.7908e+11
1072800,9.7416e+11
1076400,9.7908e+11
1080000,9.8892e+11
1083600,9.9138e+11
1087200,9.8154e+11
1090800,9.7662e+11
1094400,9.9384e+11
1098000,1.01844e+12
1101600,1.0455e+12
1105200,1.06518e+12
1108800,1.0824e+12
1112400,1.07748e+12
1116000,1.07994e+12
1119600,1.07256e+12
1123200,1.0701e+12
1126800,1.05534e+12
1130400,1.04796e+12
1134000,1.03566e+12
1137600,1.03566e+12
1141200,1.03812e+12
1144800,1.05534e+12
1148400,1.05534e+12
1152000,1.0578e+12
1155600,1.08486e+12
1159200,1.09962e+12
1162800,1.107e+12
1166400,1.12176e+12
1170000,1.15866e+12
1173600,1.17342e+12
1177200,1.18818e+12
1180800,1.1931e+12
1184400,1.1931e+12
1188000,1.1931e+12
1191600,1.18326e+12
1195200,1.17096e+12
1198800,1.16112e+12
1202400,1.16604e+12
1206000,1.17588e+12
1209600,1.16358e+12
1213200,1.15128e+12
1216800,1.14144e+12
1220400,1.13406e+12
1224000,1.12422e+12
1227600,1.10208e+12
1231200,1.10454e+12
1234800,1.107e+12
1238400,1.107e+12
1242000,1.10946e+12
1245600,1.11192e+12
1249200,1.1193e+12
1252800,1.12176e+12
1256400,1.12914e+12
1260000,1.14144e+12
1263600,1.18326e+12
1267200,1.13898e+12
1270800,1.15374e+12
1274400,1.17342e+12
1278000,1.20048e+12
1281600,1.21524e+12
1285200,1.20294e+12
1288800,1.1931e+12
1292400,1.19064e+12
1296000,1.19064e+12
1299600,1.18326e+12
1303200,1.17588e+12
1306800,1.15374e+12
1310400,1.13652e+12
1314000,1.12668e+12
1317600,1.1193e+12
1321200,1.14144e+12
1324800,1.12422e+12
1328400,1.12668e+12
1332000,1.13898e+12
1335600,1.14144e+12
1339200,1.14144e+12
1342800,1.1439e+12
1346400,1.15374e+12
1350000,1.16604e+12
1353600,1.16112e+12
1357200,1.14882e+12
1360800,1.14144e+12
1364400,1.15866e+12
1368000,1.15374e+12
1371600,1.13898e+12
1375200,1.13406e+12
1378800,1.12668e+12
1382400,1.107e+12
1386000,1.07994e+12
1389600,1.06026e+12
1393200,1.0455e+12
1396800,1.0332e+12
1400400,1.03812e+12
1404000,1.03812e+12
1407600,1.04304e+12
1411200,1.06026e+12
1414800,1.06026e+12
1418400,1.06764e+12
1422000,1.07994e+12
1425600,1.07748e+12
1429200,1.07994e+12
1432800,1.09716e+12
1436400,1.107e+12
1440000,1.107e+12
1443600,1.11438e+12
1447200,1.10454e+12
1450800,1.10208e+12
1454400,1.09962e+12
1458000,1.0947e+12
1461600,1.0947e+12
1465200,1.08978e+12
1468800,1.07748e+12
1472400,1.06518e+12
1476000,1.04796e+12
1479600,1.03566e+12
1483200,1.0332e+12
1486800,1.0332e+12
1490400,1.03074e+12
1494000,1.0332e+12
1497600,1.03074e+12
1501200,1.03566e+12
1504800,1.04058e+12
1508400,1.04304e+12
1512000,1.0455e+12
1515600,1.05288e+12
1519200,1.06026e+12
1522800,1.0701e+12
1526400,1.07256e+12
1530000,1.09224e+12
1533600,1.0947e+12
1537200,1.09716e+12
1540800,1.07256e+12
1544400,1.0701e+12
1548000,1.06518e+12
1551600,1.0701e+12
1555200,1.0701e+12
1558800,1.05042e+12
1562400,1.03074e+12
1566000,1.01844e+12
1569600,1.0086e+12
1573200,1.0086e+12
1576800,1.01352e+12
1580400,1.00368e+12
1584000,1.0209e+12
1587600,1.0209e+12
1591200,1.0332e+12
1594800,1.0332e+12
1598400,1.03812e+12
1602000,1.05288e+12
1605600,1.06026e+12
1609200,1.0578e+12
1612800,1.06026e+12
1616400,1.07994e+12
1620000,1.08732e+12
1623600,1.08732e+12
1627200,1.0824e+12
1630800,1.0701e+12
1634400,1.04796e+12
1638000,1.03812e+12
1641600,1.02828e+12
1645200,1.03074e+12
1648800,1.02582e+12
1652400,1.01352e+12
1656000,1.00614e+12
1659600,1.00368e+12
1663200,1.00368e+12
1666800,1.02336e+12
1670400,1.02828e+12
1674000,1.02828e+12
1677600,1.03074e+12
1681200,1.04058e+12
1684800,1.03074e+12
1688400,1.02582e+12
1692000,1.02828e+12
1695600,1.03566e+12
1699200,1.04058e+12
1702800,1.04304e+12
1706400,1.04304e+12
1710000,1.0455e+12
1713600,1.03812e+12
1717200,1.06026e+12
1720800,1.07748e+12
1724400,1.06764e+12
1728000,1.06026e+12
1731600,1.04304e+12
1735200,1.04058e+12
1738800,1.0332e+12
1742400,1.02582e+12
1746000,1.02582e+12
1749600,1.01352e+12
1753200,1.01844e+12
1756800,1.02582e+12
1760400,1.02336e+12
1764000,1.01598e+12
1767600,1.01106e+12
1771200,1.0086e+12
1774800,1.0209e+12
1778400,1.02582e+12
1782000,1.04304e+12
1785600,1.02828e+12
1789200,1.04304e+12
1792800,1.04796e+12
1796400,1.0455e+12
1800000,1.05042e+12
1803600,1.06272e+12
1807200,1.03566e+12
1810800,1.04058e+12
1814400,1.05042e+12
1818000,1.05288e+12
1821600,1.03812e+12
1825200,1.0209e+12
1828800,1.01106e+12
1832400,9.963e+11
1836000,9.8892e+11
1839600,9.7908e+11
1843200,9.7416e+11
1846800,9.7908e+11
1850400,9.8154e+11
1854000,9.8892e+11
1857600,9.9384e+11
1861200,9.963e+11
1864800,9.9384e+11
1868400,9.9384e+11
1872000,1.00122e+12
1875600,1.00614e+12
1879200,1.01352e+12
1882800,1.00122e+12
1886400,9.963e+11
1890000,9.9384e+11
1893600,9.84e+11
1897200,9.7908e+11
1900800,9.6432e+11
1904400,9.3972e+11
1908000,9.2988e+11
1911600,9.2496e+11
1915200,9.2496e+11
1918800,9.2742e+11
1922400,9.348e+11
1926000,9.1512e+11
1929600,9.1512e+11
1933200,9.1512e+11
1936800,9.3234e+11
1940400,9.4464e+11
1944000,9.4218e+11
1947600,9.5448e+11
1951200,9.471e+11
1954800,9.3972e+11
1958400,9.5202e+11
1962000,9.5448e+11
1965600,9.6924e+11
1969200,9.594e+11
1972800,9.6924e+11
1976400,9.6924e+11
1980000,9.717e+11
1983600,9.717e+11
1987200,9.5694e+11
1990800,9.3972e+11
1994400,9.2004e+11
1998000,9.0774e+11
2001600,8.9544e+11
2005200,9.0036e+11
2008800,8.856e+11
2012400,8.8068e+11
2016000,8.7576e+11
2019600,8.8314e+11
2023200,8.8068e+11
2026800,8.8068e+11
