0,3146896.4505
3600,3274799.938
7200,3433580.89375
10800,1767534.31295
14400,1693881.522575
18000,1172319.55975
21600,1096730.902675
25200,839393.190825
28800,662460.0461
32400,0
36000,1528815.615325
39600,1108333.48825
43200,307705.059740931
46800,162359.303809057
50400,0
54000,0
57600,0
61200,0
64800,704615.60865
68400,0
72000,533643.303275
75600,568177.234666667
79200,2231232.489
82800,3020569.954
86400,3146896.4505
90000,3274799.938
93600,3433580.89375
97200,1767534.31295
100800,1693881.522575
104400,1172319.55975
108000,1096730.902675
111600,839393.190825
115200,662460.0461
118800,0
122400,1528815.615325
126000,1108333.48825
129600,307705.059740931
133200,162359.303809057
136800,0
140400,0
144000,0
147600,0
151200,704615.60865
154800,0
158400,533643.303275
162000,568177.234666667
165600,2231232.489
169200,3020569.954
172800,3146896.4505
176400,3274799.938
180000,3433580.89375
183600,1767534.31295
187200,1693881.522575
190800,1172319.55975
194400,1096730.902675
198000,839393.190825
201600,662460.0461
205200,0
208800,1528815.615325
212400,1108333.48825
216000,307705.059740931
219600,162359.303809057
223200,0
226800,0
230400,0
234000,0
237600,704615.60865
241200,0
244800,533643.303275
248400,568177.234666667
252000,2231232.489
255600,3020569.954
259200,3146896.4505
262800,3274799.938
266400,3433580.89375
270000,1767534.31295
273600,1693881.522575
277200,1172319.55975
280800,1096730.902675
284400,839393.190825
288000,662460.0461
291600,0
295200,1528815.615325
298800,1108333.48825
302400,307705.059740931
306000,162359.303809057
309600,0
313200,0
316800,0
320400,0
324000,704615.60865
327600,0
331200,533643.303275
334800,568177.234666667
338400,2231232.489
342000,3020569.954
345600,3146896.4505
349200,3274799.938
352800,3433580.89375
356400,1767534.31295
360000,1693881.522575
363600,1172319.55975
367200,1096730.902675
370800,839393.190825
374400,662460.0461
378000,0
381600,1528815.615325
385200,1108333.48825
388800,0
392400,1400237.4064475
396000,547054.7926925
399600,321832.070525
403200,1325110.695425
406800,949310.18998175
410400,0
414000,0
417600,903605.650825
421200,2485884.7820455
424800,1875205.709025
428400,3833227.194175
432000,6829797.718
435600,3098386.72575
439200,4648413.65133333
442800,1990171.01175
446400,681266.409425
450000,1393335.87915
453600,0
457200,0
460800,572475.45665
464400,0
468000,594512.85165
471600,0
475200,1049871.61875
478800,956955.2922
482400,0
486000,37346.2266999999
489600,876529.011466667
493200,704307.840275
496800,589617.47605
500400,1553331.1285
504000,242770.59445
507600,681920.605733333
511200,3233125.70328031
514800,4293801.73622969
518400,6369861.54275
522000,4888876.19925
525600,7507775.8565
529200,3359353.7544
532800,4273007.45375
536400,0
540000,1027023.711825
543600,1243414.0668725
547200,0
550800,1179938.0954
554400,966626.4709
558000,1513095.22075
561600,1241834.98199
565200,0
568800,1703613.898
572400,0
576000,1503152.04575
579600,212517.829725
583200,0
586800,1810796.5700325
590400,1333522.1967
594000,5689358.73175
597600,3113330.5125
601200,6060687.27925
604800,6693168.28675
608400,4883026.9
612000,6198641.0905
615600,3469868.8025
619200,1235420.290575
622800,388362.7216
626400,1020253.978675
630000,913250.28945
633600,1428722.928575
637200,964753.806175
640800,1662112.72023333
644400,110225.2476
648000,1730498.7713
651600,2187939.283
655200,311438.756859625
658800,80122.2967488175
662400,306190.840013542
666000,202527.663143755
669600,100074.884225729
673200,261207.023616563
676800,540769.292268815
680400,2125632.92198209
684000,3233125.70328031
687600,4293801.73622969
691200,4854539.98625882
694800,4195593.38751765
698400,3902998.90456574
702000,2774479.95985729
705600,3162915.658
709200,669973.0266
712800,692420.3859475
716400,0
720000,0
723600,203249.784275
727200,0
730800,0
734400,0
738000,0
741600,311438.756859625
745200,0
748800,0
752400,0
756000,557022.30655
759600,0
763200,656117.685225
766800,968117.069
770400,1027509.75986
774000,1945763.52
777600,2206218.39175
781200,3904353.8585
784800,1222282.387525
788400,792638.439175
792000,795287.724825
795600,184094.17725
799200,766927.05765
802800,359497.4243275
806400,1630963.499525
810000,1990558.432425
813600,218419.4434375
817200,0
820800,50373.46925
824400,0
828000,0
831600,0
835200,463650.286966667
838800,546412.220225
842400,0
846000,640326.48515
849600,0
853200,1421083.07315
856800,1489354.692925
860400,2737858.204
864000,3277440.08325
867600,3320936.9705
871200,2502671.10225
874800,2774479.95985729
878400,562647.552
882000,960566.317325
885600,0
889200,0
892800,0
896400,325080.1821
9e+05,1507510.707175
903600,660772.162266667
907200,131748.941766667
910800,0
914400,258216.0869
918000,998926.0145
921600,14157.62145
925200,0
928800,28691.758025
932400,510610.610575
936000,410187.48895
939600,1955999.48315
943200,3834595.01025
946800,4889670.90625
950400,5216057.97125
954000,4642405.91875
957600,3805885.95825
961200,3020430.19
964800,2425739.90175
968400,1946727.24945
972000,270795.8263125
975600,0
979200,0
982800,0
986400,0
990000,0
993600,8119.82122999998
997200,0
1000800,0
1004400,917626.108
1008000,0
1011600,818.462724999976
1015200,0
1018800,188608.893875
1022400,388954.528612
1026000,3884341.5925
1029600,4836005.21125
1033200,5164548.26025
1036800,6493570.23425
1040400,5940850.10025
1044000,5329176.12575
1047600,2577144.087625
1051200,2294881.595
1054800,644249.4587
1058400,0
1062000,180070.9235
1065600,1333804.77166667
1069200,724921.371
1072800,52588.0230325
1076400,107884.4498525
1080000,0
1083600,158759.8534
1087200,778696.9210725
1090800,34602.48075
1094400,0
1098000,282346.695405
1101600,41810.09665
1105200,160747.1669825
1108800,212892.204025
1112400,2925846.27875
1116000,3481460.19225
1119600,4209135.23825
1123200,6572043.03375
1126800,6616044.3595
1130400,4140225.06525
1134000,4519770.07825
1137600,2105555.9139
1141200,205283.802375
1144800,0
1148400,0
1152000,237066.5756625
1155600,0
1159200,0
1162800,315872.14
1166400,120252.679025
1170000,115679.539115
1173600,0
1177200,1807400.06033333
1180800,1137805.49835
1184400,414348.63846
1188000,304817.2781725
1191600,392896.1475
1195200,1108296.705025
1198800,1718693.684
1202400,3061222.3235
1206000,5289939.05
1209600,6098854.7965
1213200,3900715.39875
1216800,3300383.37925
1220400,3310177.283
1224000,2077907.00605
1227600,370351.2599
1231200,0
1234800,176690.9905
1238400,0
1242000,0
1245600,325966.5669
1249200,170243.317088854
1252800,949698.3112
1256400,162359.303809057
1260000,1267244.138
1263600,80122.2967488175
1267200,306190.840013542
1270800,202527.663143755
1274400,100074.884225729
1278000,261207.023616563
1281600,851057.9462
1285200,2092288.44275
1288800,5519314.02525
1292400,6517160.19225
1296000,6778632.243
1299600,6044431.36525
1303200,6330270.968
1306800,2751501.07275
1310400,1216658.981875
1314000,751323.600295
1317600,0
1321200,97621.32775
1324800,954690.28865
1328400,855800.9932825
1332000,792682.5232
1335600,1397876.94775
1339200,989018.900825
1342800,880091.39465
1346400,2253107.505675
1350000,1607394.42075
1353600,1713154.455775
1357200,817975.1621
1360800,1627674.099175
1364400,1011172.537175
1368000,1165894.745525
1371600,2639139.08375
1375200,5820380.604
1378800,6098415.145
1382400,5123825.047
1386000,4543185.5205
1389600,4942844.27375
1393200,5707521.466
1396800,1442462.532025
1400400,348942.436175
1404000,0
1407600,58504.418025
1411200,0
1414800,0
1418400,0
1422000,0
1425600,0
1429200,83921.40845
1432800,0
1436400,214735.122875
1440000,6551.713785
1443600,0
1447200,0
1450800,0
1454400,422507.039925
1458000,2908726.66175
1461600,3359008.40125
1465200,3369579.0415
1468800,1840364.07525
1472400,1780063.249775
1476000,825839.488475
1479600,803474.46865
1483200,0
1486800,1255495.65745
1490400,4564812.654
1494000,100010.907006324
1497600,271080.653292794
1501200,231658.211380735
1504800,429366.494346814
1508400,170243.317088854
1512000,307705.059740931
1515600,162359.303809057
1519200,311438.756859625
1522800,80122.2967488175
1526400,306190.840013542
1530000,202527.663143755
1533600,100074.884225729
1537200,261207.023616563
1540800,765476.449766667
1544400,1014353.8536
1548000,1714589.802
1551600,4320600.3905
1555200,6624895.638
1558800,4062015.9145
1562400,3527321.204
1566000,2424817.976
1569600,373782.6919
1573200,253480.0673475
1576800,0
1580400,0
1584000,0
1587600,0
1591200,470211.87806
1594800,348304.784766667
1598400,539693.527325
1602000,183997.01008575
1605600,0
1609200,0
1612800,427356.144475
1616400,582827.67415
1620000,155981.916975
1623600,0
1627200,524066.144425
1630800,2720892.23475
1634400,4804231.35275
1638000,6563383.62775
1641600,4600207.502
1645200,7667433.4545
1648800,6055659.579
1652400,3471441.71475
1656000,1456084.206125
1659600,374026.016125
1663200,676523.36034
1666800,1200158.35225
1670400,1183518.736875
1674000,1141272.976475
1677600,1006821.5011
1681200,832448.327475
1684800,287979.277
1688400,0
1692000,829594.7781
1695600,126449.73341
1699200,798083.911685
1702800,359064.890233333
1706400,0
1710000,191671.53965
1713600,1002404.458625
1717200,992351.52835
1720800,2069212.414925
1724400,2037595.10425
1728000,2833601.4665
1731600,1315169.820075
1735200,1344688.52975
1738800,2774479.95985729
1742400,593408.69915
1746000,155742.884275
1749600,0
1753200,0
1756800,0
1760400,0
1764000,0
1767600,0
1771200,0
1774800,0
1778400,0
1782000,0
1785600,0
1789200,96337.158395
1792800,0
1796400,0
1800000,0
1803600,2125632.92198209
1807200,3233125.70328031
1810800,4293801.73622969
1814400,4854539.98625882
1818000,4195593.38751765
1821600,2596455.76435
1825200,1956626.13325
1828800,91726.0763825
1832400,212902.695425
1836000,0
1839600,0
1843200,121415.925725
1846800,120228.7562
1850400,3283.579175
1854000,0
1857600,93351.435615
1861200,114215.357225
1864800,0
1868400,0
1872000,0
1875600,0
1879200,60936.190725
1882800,0
1886400,334639.943635
1890000,1468585.334
1893600,3493358.75175
1897200,2642694.67225
1900800,1821745.2859
1904400,1442391.89395
1908000,2541864.9645
1911600,2469208.56666667
1915200,1249653.03815
1918800,1762237.098
1922400,813478.68085
1926000,100010.907006324
1929600,271080.653292794
1933200,231658.211380735
1936800,429366.494346814
1940400,170243.317088854
1944000,307705.059740931
1947600,162359.303809057
1951200,311438.756859625
1954800,80122.2967488175
1958400,306190.840013542
1962000,202527.663143755
1965600,100074.884225729
1969200,261207.023616563
1972800,540769.292268815
1976400,2125632.92198209
1980000,3233125.70328031
1983600,4293801.73622969
1987200,4854539.98625882
1990800,4195593.38751765
1994400,3902998.90456574
1998000,2774479.95985729
2001600,1457483.65483026
2005200,680776.398156184
2008800,468194.867623816
2012400,100010.907006324
2016000,271080.653292794
2019600,231658.211380735
2023200,429366.494346814
2026800,170243.317088854
