0,218474361.85
3600,237916081.275
7200,217661513.475
10800,209337494.475
14400,183279561.225
18000,131246016.3
21600,74897086.335
25200,60736202.8925
28800,77898117.21
32400,59325692.8975
36000,67448710.8225
39600,60754509.05
43200,53635078.1431274
46800,47269413.5144792
50400,66105594.38
54000,46679582.76
57600,98986075.25
61200,65415442.8
64800,65063883.37
68400,76145498.1475
72000,108504390.07
75600,115173716.373333
79200,200236252.8
82800,198424063.15
86400,218474361.85
90000,237916081.275
93600,217661513.475
97200,209337494.475
100800,183279561.225
104400,131246016.3
108000,74897086.335
111600,60736202.8925
115200,77898117.21
118800,59325692.8975
122400,67448710.8225
126000,60754509.05
129600,53635078.1431274
133200,47269413.5144792
136800,66105594.38
140400,46679582.76
144000,98986075.25
147600,65415442.8
151200,65063883.37
154800,76145498.1475
158400,108504390.07
162000,115173716.373333
165600,200236252.8
169200,198424063.15
172800,218474361.85
176400,237916081.275
180000,217661513.475
183600,209337494.475
187200,183279561.225
190800,131246016.3
194400,74897086.335
198000,60736202.8925
201600,77898117.21
205200,59325692.8975
208800,67448710.8225
212400,60754509.05
216000,53635078.1431274
219600,47269413.5144792
223200,66105594.38
226800,46679582.76
230400,98986075.25
234000,65415442.8
237600,65063883.37
241200,76145498.1475
244800,108504390.07
248400,115173716.373333
252000,200236252.8
255600,198424063.15
259200,218474361.85
262800,237916081.275
266400,217661513.475
270000,209337494.475
273600,183279561.225
277200,131246016.3
280800,74897086.335
284400,60736202.8925
288000,77898117.21
291600,59325692.8975
295200,67448710.8225
298800,60754509.05
302400,53635078.1431274
306000,47269413.5144792
309600,66105594.38
313200,46679582.76
316800,98986075.25
320400,65415442.8
324000,65063883.37
327600,76145498.1475
331200,108504390.07
334800,115173716.373333
338400,200236252.8
342000,198424063.15
345600,218474361.85
349200,237916081.275
352800,217661513.475
356400,209337494.475
360000,183279561.225
363600,131246016.3
367200,74897086.335
370800,60736202.8925
374400,77898117.21
378000,59325692.8975
381600,67448710.8225
385200,60754509.05
388800,81373675.545
392400,80372283.6775
396000,60143854.84
399600,65794823.35
403200,56837588.6225
406800,63686156.3125
410400,51944161.555
414000,45566477.445
417600,80375829.64
421200,163743997.475
424800,202012109.8
428400,231502422.525
432000,229401148.15
435600,251511252.05
439200,194294977.05
442800,190735248.475
446400,172612834.5
450000,128100405.95
453600,56463369.385
457200,68379444.08
460800,50801752.835
464400,36904969.412
468000,8978692.67075
471600,0
475200,11640728.37125
478800,0
482400,5601360.7525
486000,0
489600,14297646.5632667
493200,0
496800,13804700.4155
500400,0
504000,0
507600,0
511200,279739115.823078
514800,307863766.594464
518400,165692373.675
522000,151132518.175
525600,224624347.675
529200,173123846.15
532800,155446587.97
536400,132109383.225
540000,41969085.76
543600,23134221.11
547200,8538508.6175
550800,0
554400,1496250.475
558000,0
561600,0
565200,0
568800,0
572400,23136555.525
576000,31124446.94
579600,22597680.128
583200,33371139.7066667
586800,32003779.8225
590400,43727906.95
594000,89100074.0475
597600,25015065.91925
601200,0
604800,196703150.9375
608400,472962442.65
612000,388241724.925
615600,395279258.775
619200,299102334.3
622800,247797070.85
626400,177145159.75
630000,113407315.135
633600,77218624.21
637200,42013231.5475
640800,49909943.6866667
644400,51195432.1866667
648000,20129055.13
651600,28630628.79
655200,50680818.0075677
658800,57393712.9514781
662400,63114602.9203083
666000,55868358.9599792
669600,53601131.7444068
673200,62971965.4235312
676800,126834918.567653
680400,206967469.718578
684000,279739115.823078
687600,307863766.594464
691200,317638471.877696
694800,338243343.3275
698400,305538012.881157
702000,291673698.555729
705600,34064724.84
709200,161374563.9275
712800,151300001.4
716400,85291537.8425
720000,70356786.8566667
723600,90174822.5575
727200,88052003.9375
730800,86751736.95
734400,71388861.58
738000,23006753.06
741600,50680818.0075677
745200,47134747.05
748800,47014840.785
752400,51898104.92
756000,69907581.615
759600,66928388.2225
763200,135622399.9375
766800,208983749.5
770400,267819196.75
774000,312577820.525
777600,361851273.7
781200,425796432.775
784800,269162170.65
788400,265074138.35
792000,234005957.825
795600,141796355.225
799200,106670383.4
802800,99113598.7325
806400,57619599.7
810000,64551450.32
813600,83830121.2425
817200,81807367.28
820800,55280383.83
824400,76812876.1575
828000,79780833.1075
831600,75370558.8633333
835200,45628957.3466667
838800,69218752.2325
842400,41973285.7066667
846000,78396532.915
849600,214187499.8
853200,246920928.7
856800,319934002.1
860400,446061126.566667
864000,407200841.675
867600,440135139.45
871200,436160894.833333
874800,291673698.555729
878400,271227707.2
882000,198468951.525
885600,145181397.6325
889200,81298604.31
892800,57617828.5675
896400,65505418.0625
9e+05,59664972.36
903600,55361233.1933333
907200,49692891.8333333
910800,37302114.8325
914400,26868400.8933333
918000,76655145.52
921600,67371541.35
925200,19288616.5266667
928800,28955065.943425
932400,52763773.135
936000,121329096.7425
939600,247117346.8
943200,321527008.975
946800,375028837.425
950400,456990193.15
954000,467416553.4
957600,436674928.55
961200,331011680.75
964800,270028256.875
968400,223434722.55
972000,133596973.6525
975600,81191559.8875
979200,85065581.5075
982800,73652378.05
986400,63650167.3375
990000,58830146.0975
993600,50880307.03
997200,64826369.15
1000800,46064668.7275
1004400,67976518.44
1008000,52697717.325
1011600,45502796.2225
1015200,43497772.6775
1018800,72676056.075
1022400,125662856.5775
1026000,282832986.875
1029600,318932492.45
1033200,407093152.25
1036800,438917833.275
1040400,459567312.75
1044000,467484289.175
1047600,446351585.6
1051200,285487220.425
1054800,190510477.975
1058400,118862540.45
1062000,96154719.1825
1065600,69328579.01
1069200,35705785.5466667
1072800,60209081.615
1076400,44585621.155
1080000,53955749.8925
1083600,48058966.0275
1087200,51642322.72
1090800,89426903.51
1094400,58877555.76
1098000,57166448.98
1101600,55670114.5825
1105200,72617426.7525
1108800,145654998.05
1112400,227004312.8
1116000,280289732.35
1119600,315302391.1
1123200,307495343.2
1126800,270647382.275
1130400,248813040.225
1134000,271316861.95
1137600,212744315.575
1141200,179852268.9
1144800,107785026.6125
1148400,71936979.9025
1152000,77967045.82
1155600,58946034.095
1159200,55692216.58
1162800,46454036.6233333
1166400,67258688.93
1170000,57045107.295
1173600,83246934.8075
1177200,57704826.5033333
1180800,62848115.03
1184400,61204187.6133333
1188000,44557307.51825
1191600,46415054.1025
1195200,130753234.6175
1198800,241885428.966667
1202400,294021398.35
1206000,348624790.075
1209600,338569661.825
1213200,330863613.925
1216800,287626695.2
1220400,259987598.25
1224000,170143332
1227600,170406211.425
1231200,107723194.6325
1234800,69910137.09
1238400,99516613.26
1242000,35608534.88
1245600,84384465.85
1249200,49858244.279875
1252800,64976137.94
1256400,47269413.5144792
1260000,58632203.51
1263600,57393712.9514781
1267200,63114602.9203083
1270800,55868358.9599792
1274400,53601131.7444068
1278000,62971965.4235312
1281600,73664539.035
1285200,237258396.475
1288800,301230802.65
1292400,351869552.325
1296000,368189474.7
1299600,374029785.75
1303200,373002352.575
1306800,272855383.375
1310400,266654676.5
1314000,190682969.05
1317600,116765054.325
1321200,93195019.2375
1324800,74292792.9875
1328400,58655552.4325
1332000,71981527.49
1335600,59178792.155
1339200,54697774.755
1342800,78401717.58
1346400,68832105.11
1350000,53611588.7975
1353600,84762329.2975
1357200,70095092.3625
1360800,81594149.76
1364400,85939260.125
1368000,164533610.675
1371600,272125810.95
1375200,322232453.65
1378800,296647779.85
1382400,388283664.833333
1386000,327308821.75
1389600,360434331.2
1393200,303527327.9
1396800,209603697.45
1400400,151321580.825
1404000,109929206
1407600,84186242.125
1411200,70977188.6525
1414800,59919761.005
1418400,50492699.4375
1422000,57004208.4675
1425600,58857951.9133333
1429200,69748455.485
1432800,72446620.9375
1436400,71015093.225
1440000,88312143.17
1443600,86344683.8025
1447200,70954424.015
1450800,84370301.8775
1454400,163613291.85
1458000,226283534.725
1461600,279944064
1465200,274652783.625
1468800,253220583.9
1472400,281121111.2
1476000,236038014.875
1479600,226812510.125
1483200,164509515.7
1486800,165580530.135
1490400,30389002.67
1494000,82984102.0120588
1497600,71652653.7543627
1501200,56513348.126098
1504800,60698105.1980833
1508400,49858244.279875
1512000,53635078.1431274
1515600,47269413.5144792
1519200,50680818.0075677
1522800,57393712.9514781
1526400,63114602.9203083
1530000,55868358.9599792
1533600,53601131.7444068
1537200,62971965.4235312
1540800,156939848.57
1544400,266034979.85
1548000,315730777.275
1551600,392444001.05
1555200,417509598.425
1558800,387371935.825
1562400,291832536.1
1566000,382318689.125
1569600,208387418.9
1573200,176729889.425
1576800,101389729.6775
1580400,109034027.975
1584000,82324238.5075
1587600,87110488.475
1591200,101130639.85
1594800,60681340.1416667
1598400,77047146.915
1602000,84156317.305
1605600,48738609.2375
1609200,74617873.5725
1612800,95284253.3975
1616400,98192256.08
1620000,94304313.655
1623600,101971845.7425
1627200,157913851
1630800,266571916.7
1634400,494223856.95
1638000,499122298.375
1641600,401648689.9
1645200,513969907.1
1648800,411833419.675
1652400,344394033.725
1656000,230844077.775
1659600,210400176.125
1663200,146967908.825
1666800,121615061.9175
1670400,116328501.8775
1674000,110574442.3175
1677600,90859068.2275
1681200,61253380.725
1684800,67161751.16875
1688400,58194763.395
1692000,84220029.24
1695600,73082604.28
1699200,120436530.25
1702800,103581838.706667
1706400,75881279.3625
1710000,75795925.5
1713600,223447961.2
1717200,235075826.033333
1720800,269696807.1
1724400,318451707.15
1728000,313278428.55
1731600,295569597.9
1735200,275638359.35
1738800,291673698.555729
1742400,216421169
1746000,149313071.275
1749600,107007862.13
1753200,89027994.665
1756800,72083474.415
1760400,46161909.685
1764000,49838364.28
1767600,41576057.398
1771200,100828275.215
1774800,44615904.1975
1778400,34540027.1625
1782000,66049841.97
1785600,37201683.5225
1789200,43746295.955
1792800,59777170.4875
1796400,64831748.915
1800000,110379968.425
1803600,206967469.718578
1807200,279739115.823078
1810800,307863766.594464
1814400,317638471.877696
1818000,338243343.3275
1821600,210765432.1
1825200,327346763
1828800,229408004.7
1832400,138541467.55
1836000,125028208.775
1839600,63117068.12
1843200,70159879.79
1846800,50377406.82
1850400,44248862.505
1854000,52244016.43
1857600,38850767.8295
1861200,15650635.9575
1864800,25877394.20975
1868400,38141640.24525
1872000,48152222.115
1875600,41304219.2375
1879200,26361757.54
1882800,52559704.3675
1886400,130136353.42
1890000,231552787.8
1893600,262979832.05
1897200,190705236.275
1900800,136427400.175
1904400,62816948.3175
1908000,169395204.2275
1911600,267306756.866667
1915200,172189420.1
1918800,97254491.865
1922400,134295914.65
1926000,82984102.0120588
1929600,71652653.7543627
1933200,56513348.126098
1936800,60698105.1980833
1940400,49858244.279875
1944000,53635078.1431274
1947600,47269413.5144792
1951200,50680818.0075677
1954800,57393712.9514781
1958400,63114602.9203083
1962000,55868358.9599792
1965600,53601131.7444068
1969200,62971965.4235312
1972800,126834918.567653
1976400,206967469.718578
1980000,279739115.823078
1983600,307863766.594464
1987200,317638471.877696
1990800,338243343.3275
1994400,305538012.881157
1998000,291673698.555729
2001600,209797937.518947
2005200,167627400.215921
2008800,110177216.108553
2012400,82984102.0120588
2016000,71652653.7543627
2019600,56513348.126098
2023200,60698105.1980833
2026800,49858244.279875
