0,2.03e-05
3600,2.84e-05
7200,2.81e-05
10800,2.57e-05
14400,1.84e-05
18000,1.02e-05
21600,3.24e-06
25200,2.74e-07
28800,6.87e-10
32400,1e-10
36000,4.65e-10
39600,2.25e-10
43200,2.92e-11
46800,1e-10
50400,1e-10
54000,2.37e-10
57600,2.84e-11
61200,1e-10
64800,1.78e-10
68400,3.64e-10
72000,9.77e-08
75600,1.02e-06
79200,2.48e-06
82800,1.03e-05
86400,2.03e-05
90000,2.84e-05
93600,2.81e-05
97200,2.57e-05
100800,1.84e-05
104400,1.02e-05
108000,3.24e-06
111600,2.74e-07
115200,6.87e-10
118800,1e-10
122400,4.65e-10
126000,2.25e-10
129600,2.92e-11
133200,1e-10
136800,1e-10
140400,2.37e-10
144000,2.84e-11
147600,1e-10
151200,1.78e-10
154800,3.64e-10
158400,9.77e-08
162000,1.02e-06
165600,2.48e-06
169200,1.03e-05
172800,2.03e-05
176400,2.84e-05
180000,2.81e-05
183600,2.57e-05
187200,1.84e-05
190800,1.02e-05
194400,3.24e-06
198000,2.74e-07
201600,6.87e-10
205200,1e-10
208800,4.65e-10
212400,2.25e-10
216000,2.92e-11
219600,1e-10
223200,1e-10
226800,2.37e-10
230400,2.84e-11
234000,1e-10
237600,1.78e-10
241200,3.64e-10
244800,9.77e-08
248400,1.02e-06
252000,2.48e-06
255600,1.03e-05
259200,2.03e-05
262800,2.84e-05
266400,2.81e-05
270000,2.57e-05
273600,1.84e-05
277200,1.02e-05
280800,3.24e-06
284400,2.74e-07
288000,6.87e-10
291600,1e-10
295200,4.65e-10
298800,2.25e-10
302400,2.92e-11
306000,1e-10
309600,1e-10
313200,2.37e-10
316800,2.84e-11
320400,1e-10
324000,1.78e-10
327600,3.64e-10
331200,9.77e-08
334800,1.02e-06
338400,2.48e-06
342000,1.03e-05
345600,2.03e-05
349200,2.84e-05
352800,2.81e-05
356400,2.57e-05
360000,1.84e-05
363600,1.02e-05
367200,3.24e-06
370800,2.74e-07
374400,6.87e-10
378000,1e-10
381600,4.65e-10
385200,2.25e-10
388800,3e-10
392400,1.31e-10
396000,2.27e-10
399600,1.87e-10
403200,1.39e-10
406800,2.7e-11
410400,2.15e-10
414000,3.86e-11
417600,1.71e-07
421200,1.24e-06
424800,4.13e-06
428400,1.04e-05
432000,1.78e-05
435600,2.63e-05
439200,2.62e-05
442800,2.01e-05
446400,1.17e-05
450000,7.18e-06
453600,2.16e-06
457200,1.89e-07
460800,3.32e-10
464400,3.98e-10
468000,3.58e-10
471600,1.83e-10
475200,3.68e-10
478800,4.87e-10
482400,2.63e-10
486000,6.24e-10
489600,1e-10
493200,1.7e-10
496800,5.37e-11
500400,3.39e-10
504000,1.21e-07
507600,8.25e-07
511200,3.55e-06
514800,8.88e-06
518400,1.94e-05
522000,2.65e-05
525600,2.88e-05
529200,2.53e-05
532800,1.88e-05
536400,1.17e-05
540000,3.66e-06
543600,3.1e-07
547200,1.44e-09
550800,1e-10
554400,3.32e-10
558000,4.48e-10
561600,2.59e-10
565200,3.23e-10
568800,3.84e-10
572400,1.01e-10
576000,2.91e-10
579600,6.11e-11
583200,2.95e-10
586800,2.63e-10
590400,2.14e-07
594000,1.52e-06
597600,5.23e-06
601200,1.19e-05
604800,2.33e-05
608400,3.21e-05
612000,3.24e-05
615600,2.69e-05
619200,2.17e-05
622800,1.16e-05
626400,4.15e-06
630000,3.53e-07
633600,4.23e-10
637200,1.59e-11
640800,1e-10
644400,3.46e-10
648000,2.22e-10
651600,1.11e-10
655200,1.76e-10
658800,3.83e-10
662400,9.99e-11
666000,2.49e-10
669600,7.73e-11
673200,5.13e-10
676800,2.24e-07
680400,1.42e-06
684000,4.02e-06
687600,8.59e-06
691200,1.6e-05
694800,2.08e-05
698400,2.36e-05
702000,2e-05
705600,1.65e-05
709200,7.24e-06
712800,2.9e-06
716400,2.44e-07
720000,7.47e-10
723600,4.71e-10
727200,1e-10
730800,3.2e-10
734400,3.68e-10
738000,1.15e-10
741600,1e-10
745200,2.42e-10
748800,2.17e-10
752400,7.94e-11
756000,5.35e-10
759600,3.52e-10
763200,8.81e-08
766800,7.02e-07
770400,1.84e-06
774000,5.44e-06
777600,1.1e-05
781200,1.73e-05
784800,2.34e-05
788400,8.62e-06
792000,6.77e-06
795600,4.27e-06
799200,1.19e-06
802800,1.47e-07
806400,1.16e-09
810000,2.33e-10
813600,9.69e-11
817200,3.05e-10
820800,3.92e-10
824400,2.43e-10
828000,2.73e-10
831600,4.39e-10
835200,2.68e-10
838800,9.08e-11
842400,1e-10
846000,6.28e-10
849600,1.73e-07
853200,1.35e-06
856800,5.92e-06
860400,1.47e-05
864000,2.48e-05
867600,3.18e-05
871200,3.22e-05
874800,2.88e-05
878400,2.23e-05
882000,1.17e-05
885600,3.53e-06
889200,3.29e-07
892800,1.86e-09
896400,1.36e-10
9e+05,2.36e-10
903600,2.45e-10
907200,3.36e-10
910800,1e-10
914400,2e-10
918000,5.51e-10
921600,4.79e-10
925200,2.91e-10
928800,1.85e-10
932400,8.56e-10
936000,1.96e-07
939600,1.63e-06
943200,5.6e-06
946800,1.38e-05
950400,2.37e-05
954000,3.08e-05
957600,3.23e-05
961200,2.66e-05
964800,2.17e-05
968400,1.08e-05
972000,3.57e-06
975600,3.43e-07
979200,2.32e-09
982800,1e-10
986400,6.77846153846154e-11
990000,2.09338461538462e-10
993600,2.12985714285714e-10
997200,1.13330714285714e-10
1000800,1.58342857142857e-10
1004400,2.46107142857143e-10
1008000,1.02907142857143e-10
1011600,9.66571428571429e-11
1015200,1.39321428571429e-10
1018800,5.53114285714286e-10
1022400,1.64928571428571e-07
1026000,1.17085714285714e-06
1029600,3.49857142857143e-06
1033200,9.55928571428571e-06
1036800,1.80928571428571e-05
1040400,2.525e-05
1044000,2.71357142857143e-05
1047600,2.32228571428571e-05
1051200,1.72978571428571e-05
1054800,8.77571428571429e-06
1058400,2.74071428571429e-06
1062000,2.56714285714286e-07
1065600,7.84857142857143e-10
1069200,9.33585714285714e-11
1072800,6.77846153846154e-11
1076400,2.09338461538462e-10
1080000,2.12985714285714e-10
1083600,1.13330714285714e-10
1087200,1.58342857142857e-10
1090800,2.46107142857143e-10
1094400,1.02907142857143e-10
1098000,9.66571428571429e-11
1101600,1.39321428571429e-10
1105200,5.53114285714286e-10
1108800,1.64928571428571e-07
1112400,1.17085714285714e-06
1116000,3.49857142857143e-06
1119600,9.55928571428571e-06
1123200,1.80928571428571e-05
1126800,2.525e-05
1130400,2.71357142857143e-05
1134000,2.32228571428571e-05
1137600,1.72978571428571e-05
1141200,8.77571428571429e-06
1144800,2.74071428571429e-06
1148400,2.56714285714286e-07
1152000,7.84857142857143e-10
1155600,9.33585714285714e-11
1159200,6.77846153846154e-11
1162800,2.09338461538462e-10
1166400,2.12985714285714e-10
1170000,1.13330714285714e-10
1173600,1.58342857142857e-10
1177200,2.46107142857143e-10
1180800,1.02907142857143e-10
1184400,9.66571428571429e-11
1188000,1.39321428571429e-10
1191600,5.53114285714286e-10
1195200,1.64928571428571e-07
1198800,1.17085714285714e-06
1202400,3.49857142857143e-06
1206000,9.55928571428571e-06
1209600,1.80928571428571e-05
1213200,2.525e-05
1216800,2.71357142857143e-05
1220400,2.32228571428571e-05
1224000,1.72978571428571e-05
1227600,8.77571428571429e-06
1231200,2.74071428571429e-06
1234800,2.56714285714286e-07
1238400,7.84857142857143e-10
1242000,9.33585714285714e-11
1245600,6.77846153846154e-11
1249200,2.09338461538462e-10
1252800,2.12985714285714e-10
1256400,1.13330714285714e-10
1260000,1.58342857142857e-10
1263600,2.46107142857143e-10
1267200,1.02907142857143e-10
1270800,9.66571428571429e-11
1274400,1.39321428571429e-10
1278000,5.53114285714286e-10
1281600,1.64928571428571e-07
1285200,1.17085714285714e-06
1288800,3.49857142857143e-06
1292400,9.55928571428571e-06
1296000,1.80928571428571e-05
1299600,2.525e-05
1303200,2.71357142857143e-05
1306800,2.32228571428571e-05
1310400,1.72978571428571e-05
1314000,8.77571428571429e-06
1317600,2.74071428571429e-06
1321200,2.56714285714286e-07
1324800,7.84857142857143e-10
1328400,9.33585714285714e-11
1332000,6.77846153846154e-11
1335600,2.09338461538462e-10
1339200,2.12985714285714e-10
1342800,1.13330714285714e-10
1346400,1.58342857142857e-10
1350000,2.46107142857143e-10
1353600,1.02907142857143e-10
1357200,9.66571428571429e-11
1360800,1.39321428571429e-10
1364400,5.53114285714286e-10
1368000,1.64928571428571e-07
1371600,1.17085714285714e-06
1375200,3.49857142857143e-06
1378800,9.55928571428571e-06
1382400,1.80928571428571e-05
1386000,2.525e-05
1389600,2.71357142857143e-05
1393200,2.32228571428571e-05
1396800,1.72978571428571e-05
1400400,8.77571428571429e-06
1404000,2.74071428571429e-06
1407600,2.56714285714286e-07
1411200,7.84857142857143e-10
1414800,9.33585714285714e-11
1418400,6.77846153846154e-11
1422000,2.09338461538462e-10
1425600,2.12985714285714e-10
1429200,1.13330714285714e-10
1432800,1.58342857142857e-10
1436400,2.46107142857143e-10
1440000,1.02907142857143e-10
1443600,9.66571428571429e-11
1447200,1.39321428571429e-10
1450800,5.53114285714286e-10
1454400,1.64928571428571e-07
1458000,1.17085714285714e-06
1461600,3.49857142857143e-06
1465200,9.55928571428571e-06
1468800,1.80928571428571e-05
1472400,2.525e-05
1476000,2.71357142857143e-05
1479600,2.32228571428571e-05
1483200,1.72978571428571e-05
1486800,8.77571428571429e-06
1490400,2.74071428571429e-06
1494000,2.56714285714286e-07
1497600,7.84857142857143e-10
1501200,9.33585714285714e-11
1504800,6.77846153846154e-11
1508400,2.09338461538462e-10
1512000,1e-10
1515600,1e-10
1519200,1e-10
1522800,1e-10
1526400,3.9e-11
1530000,1e-10
1533600,1e-10
1537200,2.47e-10
1540800,1.67e-07
1544400,9.95e-07
1548000,1.41e-06
1551600,4.73e-06
1555200,1.31e-05
1558800,2.22e-05
1562400,2.29e-05
1566000,1.91e-05
1569600,1.04e-05
1573200,4.33e-06
1576800,1.55e-06
1580400,1.76e-07
1584000,1e-10
1587600,1e-10
1591200,1e-10
1594800,4.57e-11
1598400,2.1e-10
1602000,1e-10
1605600,3.17e-10
1609200,5.5e-11
1612800,1.34e-10
1616400,2.16e-10
1620000,9.15e-11
1623600,3.65e-10
1627200,9.02e-08
1630800,6.55e-07
1634400,1.74e-06
1638000,8.39e-06
1641600,1.66e-05
1645200,1.81e-05
1648800,2.64e-05
1652400,2.33e-05
1656000,1.67e-05
1659600,6.84e-06
1663200,1.73e-06
1666800,1.39e-07
1670400,2.65e-10
1674000,2.39e-10
1677600,1e-10
1681200,3.97e-11
1684800,1.38e-10
1688400,1.33e-12
1692000,3.56e-10
1695600,2.87e-10
1699200,1e-10
1702800,5.61e-11
1706400,5.63e-12
1710000,3.85e-10
1713600,1.05e-07
1717200,9.75e-07
1720800,2.62e-06
1724400,7.93e-06
1728000,1.34e-05
1731600,2.13e-05
1735200,1.6e-05
1738800,2.17e-05
1742400,1.8e-05
1746000,9.24e-06
1749600,2.28e-06
1753200,2.41e-07
1756800,4.86e-10
1760400,2.54e-10
1764000,1.22e-10
1767600,1.57e-10
1771200,5.44e-11
1774800,1.26e-10
1778400,1.25e-10
1782000,1e-10
1785600,1.33e-10
1789200,1.72e-10
1792800,5.67e-12
1796400,9.73e-10
1800000,1.98e-07
1803600,1.41e-06
1807200,3.39e-06
1810800,8.99e-06
1814400,1.75e-05
1818000,2.48e-05
1821600,2.74e-05
1825200,2.51e-05
1828800,1.89e-05
1832400,7.8e-06
1836000,2.38e-06
1839600,2.7e-07
1843200,1.32e-10
1846800,5.91e-11
1850400,2.13e-10
1854000,2.06e-10
1857600,2.12e-10
1861200,3e-10
1864800,6.97e-11
1868400,2.99e-10
1872000,1e-10
1875600,3.36e-10
1879200,2.56e-10
1882800,1.13e-09
1886400,1.84e-07
1890000,1.06e-06
1893600,3.19e-06
1897200,9.28e-06
1900800,1.74e-05
1904400,2.49e-05
1908000,2.76e-05
1911600,2.32e-05
1915200,1.66e-05
1918800,7.16e-06
1922400,2.01e-06
1926000,1.99e-07
1929600,1.15e-09
1933200,2.27e-10
1936800,1e-10
1940400,3.6e-10
1944000,1.89e-10
1947600,1e-10
1951200,3.5e-10
1954800,3.14e-10
1958400,1e-10
1962000,1e-10
1965600,1.97e-10
1969200,1.29e-09
1972800,2.8e-07
1976400,1.59e-06
1980000,3.86e-06
1983600,1.05e-05
1987200,1.9e-05
1990800,2.82e-05
1994400,3.26e-05
1998000,3.07e-05
2001600,2.37e-05
2005200,1.28e-05
2008800,4.02e-06
2012400,3.8e-07
2016000,4.91e-10
2019600,1e-10
2023200,1e-10
2026800,1e-10
