0,2.79e-05
3600,3.27e-05
7200,3.12e-05
10800,2.95e-05
14400,2.26e-05
18000,1.43e-05
21600,5.69e-06
25200,6.23e-07
28800,1.24e-09
32400,1e-10
36000,1.64e-09
39600,8.24e-10
43200,1.35e-10
46800,1e-10
50400,1e-10
54000,8.38e-10
57600,1.28e-10
61200,1e-10
64800,6.55e-10
68400,1.48e-09
72000,4.72e-07
75600,4.5e-06
79200,7.92e-06
82800,2e-05
86400,2.79e-05
90000,3.27e-05
93600,3.12e-05
97200,2.95e-05
100800,2.26e-05
104400,1.43e-05
108000,5.69e-06
111600,6.23e-07
115200,1.24e-09
118800,1e-10
122400,1.64e-09
126000,8.24e-10
129600,1.35e-10
133200,1e-10
136800,1e-10
140400,8.38e-10
144000,1.28e-10
147600,1e-10
151200,6.55e-10
154800,1.48e-09
158400,4.72e-07
162000,4.5e-06
165600,7.92e-06
169200,2e-05
172800,2.79e-05
176400,3.27e-05
180000,3.12e-05
183600,2.95e-05
187200,2.26e-05
190800,1.43e-05
194400,5.69e-06
198000,6.23e-07
201600,1.24e-09
205200,1e-10
208800,1.64e-09
212400,8.24e-10
216000,1.35e-10
219600,1e-10
223200,1e-10
226800,8.38e-10
230400,1.28e-10
234000,1e-10
237600,6.55e-10
241200,1.48e-09
244800,4.72e-07
248400,4.5e-06
252000,7.92e-06
255600,2e-05
259200,2.79e-05
262800,3.27e-05
266400,3.12e-05
270000,2.95e-05
273600,2.26e-05
277200,1.43e-05
280800,5.69e-06
284400,6.23e-07
288000,1.24e-09
291600,1e-10
295200,1.64e-09
298800,8.24e-10
302400,1.35e-10
306000,1e-10
309600,1e-10
313200,8.38e-10
316800,1.28e-10
320400,1e-10
324000,6.55e-10
327600,1.48e-09
331200,4.72e-07
334800,4.5e-06
338400,7.92e-06
342000,2e-05
345600,2.79e-05
349200,3.27e-05
352800,3.12e-05
356400,2.95e-05
360000,2.26e-05
363600,1.43e-05
367200,5.69e-06
370800,6.23e-07
374400,1.24e-09
378000,1e-10
381600,1.64e-09
385200,8.24e-10
388800,1.06e-09
392400,5.12e-10
396000,8.3e-10
399600,6.58e-10
403200,5.2e-10
406800,1.61e-10
410400,7.85e-10
414000,4.57e-10
417600,8.32e-07
421200,5.44e-06
424800,1.34e-05
428400,2.04e-05
432000,2.47e-05
435600,3.05e-05
439200,2.94e-05
442800,2.34e-05
446400,1.46e-05
450000,9.99e-06
453600,3.78e-06
457200,4.33e-07
460800,6.68e-10
464400,9.28e-10
468000,1.28e-09
471600,6.88e-10
475200,1.29e-09
478800,1.7e-09
482400,9.36e-10
486000,2.15e-09
489600,1e-10
493200,6.17e-10
496800,2.56e-10
500400,1.46e-09
504000,5.85e-07
507600,3.6e-06
511200,1.13e-05
514800,1.7e-05
518400,2.64e-05
522000,3.04e-05
525600,3.19e-05
529200,2.89e-05
532800,2.3e-05
536400,1.62e-05
540000,6.38e-06
543600,7.06e-07
547200,2.52e-09
550800,1e-10
554400,1.17e-09
558000,1.59e-09
561600,9.82e-10
565200,1.12e-09
568800,1.35e-09
572400,3.98e-10
576000,1.02e-09
579600,2.52e-10
583200,1.08e-09
586800,1.4e-09
590400,1.03e-06
594000,6.65e-06
597600,1.66e-05
601200,2.29e-05
604800,3.19e-05
608400,3.66e-05
612000,3.56e-05
615600,3.04e-05
619200,2.64e-05
622800,1.61e-05
626400,7.24e-06
630000,8.05e-07
633600,1.06e-09
637200,5.71e-11
640800,1e-10
644400,1.24e-09
648000,8.21e-10
651600,4.12e-10
655200,6.4e-10
658800,1.37e-09
662400,3.9e-10
666000,8.84e-10
669600,3.14e-10
673200,2.22e-09
676800,1.08e-06
680400,6.2e-06
684000,1.29e-05
687600,1.63e-05
691200,2.16e-05
694800,2.39e-05
698400,2.57e-05
702000,2.26e-05
705600,2e-05
709200,9.83e-06
712800,5.03e-06
716400,5.53e-07
720000,1.31e-09
723600,1.33e-09
727200,1e-10
730800,1.16e-09
734400,1.29e-09
738000,4.57e-10
741600,1e-10
745200,8.91e-10
748800,7.83e-10
752400,2.86e-10
756000,1.86e-09
759600,1.43e-09
763200,4.24e-07
766800,3.05e-06
770400,5.85e-06
774000,1.04e-05
777600,1.52e-05
781200,2.03e-05
784800,2.6e-05
788400,1.01e-05
792000,8.39e-06
795600,5.88e-06
799200,2.05e-06
802800,3.36e-07
806400,2.06e-09
810000,6.89e-10
813600,4.03e-10
817200,1.09e-09
820800,1.41e-09
824400,8.63e-10
828000,9.8e-10
831600,1.54e-09
835200,9.69e-10
838800,3.51e-10
842400,1e-10
846000,2.57e-09
849600,8.37e-07
853200,5.9e-06
856800,1.89e-05
860400,2.85e-05
864000,3.43e-05
867600,3.71e-05
871200,3.62e-05
874800,3.35e-05
878400,2.79e-05
882000,1.66e-05
885600,6.3e-06
889200,7.52e-07
892800,3.08e-09
896400,3.62e-10
9e+05,8.42e-10
903600,8.63e-10
907200,1.21e-09
910800,1e-10
914400,7.6e-10
918000,1.92e-09
921600,1.68e-09
925200,1e-09
928800,6.91e-10
932400,3.73e-09
936000,9.52e-07
939600,7.16e-06
943200,1.77e-05
946800,2.7e-05
950400,3.29e-05
954000,3.58e-05
957600,3.63e-05
961200,3.08e-05
964800,2.72e-05
968400,1.52e-05
972000,6.45e-06
975600,7.98e-07
979200,3.79e-09
982800,2.14e-10
986400,2.76215384615385e-10
990000,7.62923076923077e-10
993600,7.71785714285714e-10
997200,4.26164285714286e-10
1000800,5.84857142857143e-10
1004400,8.76857142857143e-10
1008000,3.95164285714286e-10
1011600,3.65542857142857e-10
1015200,5.18635714285714e-10
1018800,2.5555e-09
1022400,7.93214285714286e-07
1026000,5.10857142857143e-06
1029600,1.18942857142857e-05
1033200,2.02e-05
1036800,2.65071428571429e-05
1040400,3.01142857142857e-05
1044000,3.045e-05
1047600,2.645e-05
1051200,2.10992857142857e-05
1054800,1.22964285714286e-05
1058400,4.91071428571429e-06
1062000,6.18714285714286e-07
1065600,1.59592857142857e-09
1069200,3.13092857142857e-10
1072800,2.76215384615385e-10
1076400,7.62923076923077e-10
1080000,7.71785714285714e-10
1083600,4.26164285714286e-10
1087200,5.84857142857143e-10
1090800,8.76857142857143e-10
1094400,3.95164285714286e-10
1098000,3.65542857142857e-10
1101600,5.18635714285714e-10
1105200,2.5555e-09
1108800,7.93214285714286e-07
1112400,5.10857142857143e-06
1116000,1.18942857142857e-05
1119600,2.02e-05
1123200,2.65071428571429e-05
1126800,3.01142857142857e-05
1130400,3.045e-05
1134000,2.645e-05
1137600,2.10992857142857e-05
1141200,1.22964285714286e-05
1144800,4.91071428571429e-06
1148400,6.18714285714286e-07
1152000,1.59592857142857e-09
1155600,3.13092857142857e-10
1159200,2.76215384615385e-10
1162800,7.62923076923077e-10
1166400,7.71785714285714e-10
1170000,4.26164285714286e-10
1173600,5.84857142857143e-10
1177200,8.76857142857143e-10
1180800,3.95164285714286e-10
1184400,3.65542857142857e-10
1188000,5.18635714285714e-10
1191600,2.5555e-09
1195200,7.93214285714286e-07
1198800,5.10857142857143e-06
1202400,1.18942857142857e-05
1206000,2.02e-05
1209600,2.65071428571429e-05
1213200,3.01142857142857e-05
1216800,3.045e-05
1220400,2.645e-05
1224000,2.10992857142857e-05
1227600,1.22964285714286e-05
1231200,4.91071428571429e-06
1234800,6.18714285714286e-07
1238400,1.59592857142857e-09
1242000,3.13092857142857e-10
1245600,2.76215384615385e-10
1249200,7.62923076923077e-10
1252800,7.71785714285714e-10
1256400,4.26164285714286e-10
1260000,5.84857142857143e-10
1263600,8.76857142857143e-10
1267200,3.95164285714286e-10
1270800,3.65542857142857e-10
1274400,5.18635714285714e-10
1278000,2.5555e-09
1281600,7.93214285714286e-07
1285200,5.10857142857143e-06
1288800,1.18942857142857e-05
1292400,2.02e-05
1296000,2.65071428571429e-05
1299600,3.01142857142857e-05
1303200,3.045e-05
1306800,2.645e-05
1310400,2.10992857142857e-05
1314000,1.22964285714286e-05
1317600,4.91071428571429e-06
1321200,6.18714285714286e-07
1324800,1.59592857142857e-09
1328400,3.13092857142857e-10
1332000,2.76215384615385e-10
1335600,7.62923076923077e-10
1339200,7.71785714285714e-10
1342800,4.26164285714286e-10
1346400,5.84857142857143e-10
1350000,8.76857142857143e-10
1353600,3.95164285714286e-10
1357200,3.65542857142857e-10
1360800,5.18635714285714e-10
1364400,2.5555e-09
1368000,7.93214285714286e-07
1371600,5.10857142857143e-06
1375200,1.18942857142857e-05
1378800,2.02e-05
1382400,2.65071428571429e-05
1386000,3.01142857142857e-05
1389600,3.045e-05
1393200,2.645e-05
1396800,2.10992857142857e-05
1400400,1.22964285714286e-05
1404000,4.91071428571429e-06
1407600,6.18714285714286e-07
1411200,1.59592857142857e-09
1414800,3.13092857142857e-10
1418400,2.76215384615385e-10
1422000,7.62923076923077e-10
1425600,7.71785714285714e-10
1429200,4.26164285714286e-10
1432800,5.84857142857143e-10
1436400,8.76857142857143e-10
1440000,3.95164285714286e-10
1443600,3.65542857142857e-10
1447200,5.18635714285714e-10
1450800,2.5555e-09
1454400,7.93214285714286e-07
1458000,5.10857142857143e-06
1461600,1.18942857142857e-05
1465200,2.02e-05
1468800,2.65071428571429e-05
1472400,3.01142857142857e-05
1476000,3.045e-05
1479600,2.645e-05
1483200,2.10992857142857e-05
1486800,1.22964285714286e-05
1490400,4.91071428571429e-06
1494000,6.18714285714286e-07
1497600,1.59592857142857e-09
1501200,3.13092857142857e-10
1504800,2.76215384615385e-10
1508400,7.62923076923077e-10
1512000,1e-10
1515600,1e-10
1519200,1e-10
1522800,1e-10
1526400,1.53e-10
1530000,1e-10
1533600,1e-10
1537200,1.46e-09
1540800,8.03e-07
1544400,4.36e-06
1548000,5.54e-06
1551600,1.18e-05
1555200,2.11e-05
1558800,2.82e-05
1562400,2.68e-05
1566000,2.19e-05
1569600,1.27e-05
1573200,6.18e-06
1576800,2.99e-06
1580400,4.58e-07
1584000,1e-10
1587600,1e-10
1591200,1e-10
1594800,1.93e-10
1598400,7.74e-10
1602000,1e-10
1605600,1.08e-09
1609200,2.23e-10
1612800,5.17e-10
1616400,7.55e-10
1620000,3.25e-10
1623600,2e-09
1627200,4.38e-07
1630800,2.85e-06
1634400,6.54e-06
1638000,2.04e-05
1641600,2.74e-05
1645200,2.3e-05
1648800,3.06e-05
1652400,2.65e-05
1656000,2.03e-05
1659600,9.78e-06
1663200,3.16e-06
1666800,3.69e-07
1670400,9.26e-10
1674000,8.19e-10
1677600,1e-10
1681200,1.65e-10
1684800,4.75e-10
1688400,5.13e-11
1692000,1.28e-09
1695600,1.03e-09
1699200,1e-10
1702800,2.44e-10
1706400,7.65e-11
1710000,1.65e-09
1713600,5.03e-07
1717200,4.24e-06
1720800,9.97e-06
1724400,1.95e-05
1728000,2.17e-05
1731600,2.71e-05
1735200,1.86e-05
1738800,2.48e-05
1742400,2.19e-05
1746000,1.33e-05
1749600,4.26e-06
1753200,6.29e-07
1756800,1.2e-09
1760400,9.15e-10
1764000,4.41e-10
1767600,5.96e-10
1771200,2.42e-10
1774800,4.73e-10
1778400,4.58e-10
1782000,1e-10
1785600,4.92e-10
1789200,6.24e-10
1792800,3.14e-11
1796400,4.69e-09
1800000,9.51e-07
1803600,6.15e-06
1807200,1.31e-05
1810800,2.17e-05
1814400,2.81e-05
1818000,3.09e-05
1821600,3.1e-05
1825200,2.8e-05
1828800,2.25e-05
1832400,1.09e-05
1836000,4.39e-06
1839600,6.99e-07
1843200,5.94e-10
1846800,2.26e-10
1850400,7.35e-10
1854000,7.46e-10
1857600,7.64e-10
1861200,1.05e-09
1864800,2.5e-10
1868400,1.04e-09
1872000,1e-10
1875600,1.18e-09
1879200,8.96e-10
1882800,4.96e-09
1886400,8.68e-07
1890000,4.58e-06
1893600,1.21e-05
1897200,2.21e-05
1900800,2.79e-05
1904400,3.06e-05
1908000,3.09e-05
1911600,2.59e-05
1915200,1.98e-05
1918800,9.99e-06
1922400,3.66e-06
1926000,5.17e-07
1929600,2.58e-09
1933200,8.22e-10
1936800,1e-10
1940400,1.3e-09
1944000,6.73e-10
1947600,1e-10
1951200,1.25e-09
1954800,1.08e-09
1958400,1e-10
1962000,1e-10
1965600,7.14e-10
1969200,6.27e-09
1972800,1.33e-06
1976400,6.84e-06
1980000,1.47e-05
1983600,2.48e-05
1987200,3e-05
1990800,3.45e-05
1994400,3.61e-05
1998000,3.4e-05
2001600,2.81e-05
2005200,1.79e-05
2008800,7.37e-06
2012400,9.84e-07
2016000,1.9e-09
2019600,1e-10
2023200,1e-10
2026800,1e-10
