0,3.98e-05
3600,4.55e-05
7200,4.32e-05
10800,4.15e-05
14400,3.29e-05
18000,2.22e-05
21600,9.84e-06
25200,1.27e-06
28800,1.44e-09
32400,1e-10
36000,1.99e-09
39600,9.84e-10
43200,6.71e-11
46800,1e-10
50400,1e-10
54000,9.35e-10
57600,5.23e-11
61200,1e-10
64800,7.16e-10
68400,2.46e-09
72000,9.81e-07
75600,8.1e-06
79200,1.27e-05
82800,2.99e-05
86400,3.98e-05
90000,4.55e-05
93600,4.32e-05
97200,4.15e-05
100800,3.29e-05
104400,2.22e-05
108000,9.84e-06
111600,1.27e-06
115200,1.44e-09
118800,1e-10
122400,1.99e-09
126000,9.84e-10
129600,6.71e-11
133200,1e-10
136800,1e-10
140400,9.35e-10
144000,5.23e-11
147600,1e-10
151200,7.16e-10
154800,2.46e-09
158400,9.81e-07
162000,8.1e-06
165600,1.27e-05
169200,2.99e-05
172800,3.98e-05
176400,4.55e-05
180000,4.32e-05
183600,4.15e-05
187200,3.29e-05
190800,2.22e-05
194400,9.84e-06
198000,1.27e-06
201600,1.44e-09
205200,1e-10
208800,1.99e-09
212400,9.84e-10
216000,6.71e-11
219600,1e-10
223200,1e-10
226800,9.35e-10
230400,5.23e-11
234000,1e-10
237600,7.16e-10
241200,2.46e-09
244800,9.81e-07
248400,8.1e-06
252000,1.27e-05
255600,2.99e-05
259200,3.98e-05
262800,4.55e-05
266400,4.32e-05
270000,4.15e-05
273600,3.29e-05
277200,2.22e-05
280800,9.84e-06
284400,1.27e-06
288000,1.44e-09
291600,1e-10
295200,1.99e-09
298800,9.84e-10
302400,6.71e-11
306000,1e-10
309600,1e-10
313200,9.35e-10
316800,5.23e-11
320400,1e-10
324000,7.16e-10
327600,2.46e-09
331200,9.81e-07
334800,8.1e-06
338400,1.27e-05
342000,2.99e-05
345600,3.98e-05
349200,4.55e-05
352800,4.32e-05
356400,4.15e-05
360000,3.29e-05
363600,2.22e-05
367200,9.84e-06
370800,1.27e-06
374400,1.44e-09
378000,1e-10
381600,1.99e-09
385200,9.84e-10
388800,1.26e-09
392400,5.67e-10
396000,8.82e-10
399600,7.62e-10
403200,5.59e-10
406800,1.09e-10
410400,9.24e-10
414000,1.55e-09
417600,1.75e-06
421200,9.97e-06
424800,2.18e-05
428400,3.08e-05
432000,3.55e-05
435600,4.27e-05
439200,4.1e-05
442800,3.31e-05
446400,2.11e-05
450000,1.53e-05
453600,6.37e-06
457200,8.68e-07
460800,7.42e-10
464400,9.45e-10
468000,1.57e-09
471600,8.29e-10
475200,1.5e-09
478800,2.06e-09
482400,1.08e-09
486000,2.65e-09
489600,1e-10
493200,6.83e-10
496800,2.25e-10
500400,2.66e-09
504000,1.22e-06
507600,6.37e-06
511200,1.82e-05
514800,2.53e-05
518400,3.77e-05
522000,4.23e-05
525600,4.43e-05
529200,4.06e-05
532800,3.34e-05
536400,2.5e-05
540000,1.1e-05
543600,1.44e-06
547200,2.96e-09
550800,1e-10
554400,1.37e-09
558000,1.95e-09
561600,1.16e-09
565200,1.33e-09
568800,1.68e-09
572400,4.19e-10
576000,1.21e-09
579600,2.84e-10
583200,1.25e-09
586800,3.36e-09
590400,2.18e-06
594000,1.21e-05
597600,2.69e-05
601200,3.39e-05
604800,4.54e-05
608400,5.07e-05
612000,4.91e-05
615600,4.23e-05
619200,3.8e-05
622800,2.47e-05
626400,1.24e-05
630000,1.64e-06
633600,1.33e-09
637200,1e-10
640800,1e-10
644400,1.45e-09
648000,9.79e-10
651600,4.85e-10
655200,7.07e-10
658800,1.65e-09
662400,3.91e-10
666000,1.05e-09
669600,2.97e-10
673200,4.28e-09
676800,2.25e-06
680400,1.12e-05
684000,2.05e-05
687600,2.39e-05
691200,3.05e-05
694800,3.3e-05
698400,3.53e-05
702000,3.16e-05
705600,2.85e-05
709200,1.47e-05
712800,8.4e-06
716400,1.1e-06
720000,1.53e-09
723600,1.48e-09
727200,1e-10
730800,1.38e-09
734400,1.53e-09
738000,3.99e-10
741600,1e-10
745200,9.98e-10
748800,9.25e-10
752400,2.94e-10
756000,2.26e-09
759600,2.39e-09
763200,8.59e-07
766800,5.35e-06
770400,9.16e-06
774000,1.53e-05
777600,2.15e-05
781200,2.82e-05
784800,3.59e-05
788400,1.41e-05
792000,1.2e-05
795600,8.76e-06
799200,3.37e-06
802800,6.69e-07
806400,2.36e-09
810000,7e-10
813600,4.12e-10
817200,1.27e-09
820800,1.74e-09
824400,9.93e-10
828000,1.19e-09
831600,1.91e-09
835200,1.17e-09
838800,3.87e-10
842400,1e-10
846000,4.57e-09
849600,1.71e-06
853200,1.05e-05
856800,3.07e-05
860400,4.27e-05
864000,4.88e-05
867600,5.15e-05
871200,5.02e-05
874800,4.7e-05
878400,4.06e-05
882000,2.56e-05
885600,1.08e-05
889200,1.54e-06
892800,3.57e-09
896400,3.69e-10
9e+05,1.06e-09
903600,1.02e-09
907200,1.48e-09
910800,1e-10
914400,9.07e-10
918000,2.35e-09
921600,1.99e-09
925200,1.18e-09
928800,8.19e-10
932400,7.71e-09
936000,1.99e-06
939600,1.31e-05
943200,2.87e-05
946800,4.03e-05
950400,4.7e-05
954000,4.99e-05
957600,5.02e-05
961200,4.31e-05
964800,3.95e-05
968400,2.33e-05
972000,1.12e-05
975600,1.66e-06
979200,4.41e-09
982800,1.96e-10
986400,2.64615384615385e-10
990000,8.73e-10
993600,8.95078571428571e-10
997200,4.39564285714286e-10
1000800,6.53428571428571e-10
1004400,1.02171428571429e-09
1008000,3.95821428571429e-10
1011600,3.81285714285714e-10
1015200,5.60742857142857e-10
1018800,5.58857142857143e-09
1022400,1.63671428571429e-06
1026000,9.17571428571429e-06
1029600,1.92264285714286e-05
1033200,3.03428571428571e-05
1036800,3.795e-05
1040400,4.20357142857143e-05
1044000,4.22142857142857e-05
1047600,3.705e-05
1051200,3.04857142857143e-05
1054800,1.87978571428571e-05
1058400,8.32714285714286e-06
1062000,1.24685714285714e-06
1065600,2.08971428571429e-09
1069200,2.684e-10
1072800,2.64615384615385e-10
1076400,8.73e-10
1080000,8.95078571428571e-10
1083600,4.39564285714286e-10
1087200,6.53428571428571e-10
1090800,1.02171428571429e-09
1094400,3.95821428571429e-10
1098000,3.81285714285714e-10
1101600,5.60742857142857e-10
1105200,5.58857142857143e-09
1108800,1.63671428571429e-06
1112400,9.17571428571429e-06
1116000,1.92264285714286e-05
1119600,3.03428571428571e-05
1123200,3.795e-05
1126800,4.20357142857143e-05
1130400,4.22142857142857e-05
1134000,3.705e-05
1137600,3.04857142857143e-05
1141200,1.87978571428571e-05
1144800,8.32714285714286e-06
1148400,1.24685714285714e-06
1152000,2.08971428571429e-09
1155600,2.684e-10
1159200,2.64615384615385e-10
1162800,8.73e-10
1166400,8.95078571428571e-10
1170000,4.39564285714286e-10
1173600,6.53428571428571e-10
1177200,1.02171428571429e-09
1180800,3.95821428571429e-10
1184400,3.81285714285714e-10
1188000,5.60742857142857e-10
1191600,5.58857142857143e-09
1195200,1.63671428571429e-06
1198800,9.17571428571429e-06
1202400,1.92264285714286e-05
1206000,3.03428571428571e-05
1209600,3.795e-05
1213200,4.20357142857143e-05
1216800,4.22142857142857e-05
1220400,3.705e-05
1224000,3.04857142857143e-05
1227600,1.87978571428571e-05
1231200,8.32714285714286e-06
1234800,1.24685714285714e-06
1238400,2.08971428571429e-09
1242000,2.684e-10
1245600,2.64615384615385e-10
1249200,8.73e-10
1252800,8.95078571428571e-10
1256400,4.39564285714286e-10
1260000,6.53428571428571e-10
1263600,1.02171428571429e-09
1267200,3.95821428571429e-10
1270800,3.81285714285714e-10
1274400,5.60742857142857e-10
1278000,5.58857142857143e-09
1281600,1.63671428571429e-06
1285200,9.17571428571429e-06
1288800,1.92264285714286e-05
1292400,3.03428571428571e-05
1296000,3.795e-05
1299600,4.20357142857143e-05
1303200,4.22142857142857e-05
1306800,3.705e-05
1310400,3.04857142857143e-05
1314000,1.87978571428571e-05
1317600,8.32714285714286e-06
1321200,1.24685714285714e-06
1324800,2.08971428571429e-09
1328400,2.684e-10
1332000,2.64615384615385e-10
1335600,8.73e-10
1339200,8.95078571428571e-10
1342800,4.39564285714286e-10
1346400,6.53428571428571e-10
1350000,1.02171428571429e-09
1353600,3.95821428571429e-10
1357200,3.81285714285714e-10
1360800,5.60742857142857e-10
1364400,5.58857142857143e-09
1368000,1.63671428571429e-06
1371600,9.17571428571429e-06
1375200,1.92264285714286e-05
1378800,3.03428571428571e-05
1382400,3.795e-05
1386000,4.20357142857143e-05
1389600,4.22142857142857e-05
1393200,3.705e-05
1396800,3.04857142857143e-05
1400400,1.87978571428571e-05
1404000,8.32714285714286e-06
1407600,1.24685714285714e-06
1411200,2.08971428571429e-09
1414800,2.684e-10
1418400,2.64615384615385e-10
1422000,8.73e-10
1425600,8.95078571428571e-10
1429200,4.39564285714286e-10
1432800,6.53428571428571e-10
1436400,1.02171428571429e-09
1440000,3.95821428571429e-10
1443600,3.81285714285714e-10
1447200,5.60742857142857e-10
1450800,5.58857142857143e-09
1454400,1.63671428571429e-06
1458000,9.17571428571429e-06
1461600,1.92264285714286e-05
1465200,3.03428571428571e-05
1468800,3.795e-05
1472400,4.20357142857143e-05
1476000,4.22142857142857e-05
1479600,3.705e-05
1483200,3.04857142857143e-05
1486800,1.87978571428571e-05
1490400,8.32714285714286e-06
1494000,1.24685714285714e-06
1497600,2.08971428571429e-09
1501200,2.684e-10
1504800,2.64615384615385e-10
1508400,8.73e-10
1512000,1e-10
1515600,1e-10
1519200,1e-10
1522800,1e-10
1526400,9.32e-11
1530000,1e-10
1533600,1e-10
1537200,4.2e-09
1540800,1.65e-06
1544400,7.95e-06
1548000,9.11e-06
1551600,1.81e-05
1555200,3.05e-05
1558800,3.99e-05
1562400,3.75e-05
1566000,3.08e-05
1569600,1.83e-05
1573200,9.31e-06
1576800,5.04e-06
1580400,9.06e-07
1584000,1e-10
1587600,1e-10
1591200,1e-10
1594800,1.38e-10
1598400,9.2e-10
1602000,1e-10
1605600,1.27e-09
1609200,1.79e-10
1612800,5.8e-10
1616400,8.84e-10
1620000,3.38e-10
1623600,5.44e-09
1627200,9.24e-07
1630800,5.08e-06
1634400,1.04e-05
1638000,3.11e-05
1641600,3.98e-05
1645200,3.25e-05
1648800,4.28e-05
1652400,3.73e-05
1656000,2.94e-05
1659600,1.49e-05
1663200,5.18e-06
1666800,7.43e-07
1670400,1.4e-09
1674000,9.2e-10
1677600,1e-10
1681200,1.15e-10
1684800,5.42e-10
1688400,1e-10
1692000,1.56e-09
1695600,1.21e-09
1699200,1e-10
1702800,2.45e-10
1706400,2.33e-11
1710000,3.12e-09
1713600,1.02e-06
1717200,7.51e-06
1720800,1.63e-05
1724400,2.98e-05
1728000,3.14e-05
1731600,3.85e-05
1735200,2.61e-05
1738800,3.51e-05
1742400,3.19e-05
1746000,2.05e-05
1749600,7.21e-06
1753200,1.27e-06
1756800,1.93e-09
1760400,1.12e-09
1764000,4.5e-10
1767600,6.78e-10
1771200,2.44e-10
1774800,5.35e-10
1778400,5.48e-10
1782000,1e-10
1785600,4.8e-10
1789200,7.17e-10
1792800,1e-10
1796400,1.13e-08
1800000,1.98e-06
1803600,1.12e-05
1807200,2.16e-05
1810800,3.3e-05
1814400,4.06e-05
1818000,4.33e-05
1821600,4.31e-05
1825200,3.92e-05
1828800,3.26e-05
1832400,1.66e-05
1836000,7.35e-06
1839600,1.38e-06
1843200,1.23e-09
1846800,1.38e-10
1850400,8.31e-10
1854000,8.37e-10
1857600,8.76e-10
1861200,1.21e-09
1864800,2.38e-10
1868400,1.24e-09
1872000,1e-10
1875600,1.4e-09
1879200,1.01e-09
1882800,1.03e-08
1886400,1.72e-06
1890000,7.93e-06
1893600,1.94e-05
1897200,3.34e-05
1900800,4e-05
1904400,4.27e-05
1908000,4.28e-05
1911600,3.61e-05
1915200,2.84e-05
1918800,1.5e-05
1922400,6.02e-06
1926000,1.01e-06
1929600,3.58e-09
1933200,8.9e-10
1936800,1e-10
1940400,1.49e-09
1944000,7.41e-10
1947600,1e-10
1951200,1.51e-09
1954800,1.31e-09
1958400,1e-10
1962000,1e-10
1965600,8.08e-10
1969200,1.49e-08
1972800,2.68e-06
1976400,1.21e-05
1980000,2.37e-05
1983600,3.73e-05
1987200,4.28e-05
1990800,4.78e-05
1994400,4.95e-05
1998000,4.69e-05
2001600,4.02e-05
2005200,2.73e-05
2008800,1.24e-05
2012400,1.96e-06
2016000,3.05e-09
2019600,1e-10
2023200,1e-10
2026800,1e-10
