0,3.64e-06
3600,4.58e-06
7200,4.43e-06
10800,4.09e-06
14400,2.98e-06
18000,1.72e-06
21600,5.83e-07
25200,5.18e-08
28800,1.47e-10
32400,1e-10
36000,1.28e-10
39600,6.2e-11
43200,8.42e-12
46800,1e-10
50400,1e-10
54000,6.52e-11
57600,8.44e-12
61200,1e-10
64800,4.92e-11
68400,9.65e-11
72000,2.45e-08
75600,2.67e-07
79200,6.46e-07
82800,2.21e-06
86400,3.64e-06
90000,4.58e-06
93600,4.43e-06
97200,4.09e-06
100800,2.98e-06
104400,1.72e-06
108000,5.83e-07
111600,5.18e-08
115200,1.47e-10
118800,1e-10
122400,1.28e-10
126000,6.2e-11
129600,8.42e-12
133200,1e-10
136800,1e-10
140400,6.52e-11
144000,8.44e-12
147600,1e-10
151200,4.92e-11
154800,9.65e-11
158400,2.45e-08
162000,2.67e-07
165600,6.46e-07
169200,2.21e-06
172800,3.64e-06
176400,4.58e-06
180000,4.43e-06
183600,4.09e-06
187200,2.98e-06
190800,1.72e-06
194400,5.83e-07
198000,5.18e-08
201600,1.47e-10
205200,1e-10
208800,1.28e-10
212400,6.2e-11
216000,8.42e-12
219600,1e-10
223200,1e-10
226800,6.52e-11
230400,8.44e-12
234000,1e-10
237600,4.92e-11
241200,9.65e-11
244800,2.45e-08
248400,2.67e-07
252000,6.46e-07
255600,2.21e-06
259200,3.64e-06
262800,4.58e-06
266400,4.43e-06
270000,4.09e-06
273600,2.98e-06
277200,1.72e-06
280800,5.83e-07
284400,5.18e-08
288000,1.47e-10
291600,1e-10
295200,1.28e-10
298800,6.2e-11
302400,8.42e-12
306000,1e-10
309600,1e-10
313200,6.52e-11
316800,8.44e-12
320400,1e-10
324000,4.92e-11
327600,9.65e-11
331200,2.45e-08
334800,2.67e-07
338400,6.46e-07
342000,2.21e-06
345600,3.64e-06
349200,4.58e-06
352800,4.43e-06
356400,4.09e-06
360000,2.98e-06
363600,1.72e-06
367200,5.83e-07
370800,5.18e-08
374400,1.47e-10
378000,1e-10
381600,1.28e-10
385200,6.2e-11
388800,8.23e-11
392400,3.61e-11
396000,6.3e-11
399600,5.18e-11
403200,3.86e-11
406800,7.93e-12
410400,5.89e-11
414000,4.97e-12
417600,4.3e-08
421200,3.2e-07
424800,1.07e-06
428400,2.24e-06
432000,3.21e-06
435600,4.25e-06
439200,4.13e-06
442800,3.21e-06
446400,1.91e-06
450000,1.21e-06
453600,3.91e-07
457200,3.6e-08
460800,7.05e-11
464400,1.07e-10
468000,9.83e-11
471600,5.07e-11
475200,1.01e-10
478800,1.34e-10
482400,7.25e-11
486000,1.71e-10
489600,1e-10
493200,4.68e-11
496800,1.49e-11
500400,8.82e-11
504000,3.02e-08
507600,2.15e-07
511200,9.22e-07
514800,1.9e-06
518400,3.46e-06
522000,4.27e-06
525600,4.52e-06
529200,4.01e-06
532800,3.05e-06
536400,1.96e-06
540000,6.58e-07
543600,5.88e-08
547200,3.31e-10
550800,1e-10
554400,9.14e-11
558000,1.23e-10
561600,7.13e-11
565200,8.87e-11
568800,1.05e-10
572400,2.83e-11
576000,8.03e-11
579600,1.68e-11
583200,8.09e-11
586800,6.3e-11
590400,5.36e-08
594000,3.94e-07
597600,1.36e-06
601200,2.55e-06
604800,4.19e-06
608400,5.17e-06
612000,5.09e-06
615600,4.26e-06
619200,3.52e-06
622800,1.96e-06
626400,7.48e-07
630000,6.7e-08
633600,1.06e-10
637200,5.45e-12
640800,1e-10
644400,9.55e-11
648000,6.13e-11
651600,3.05e-11
655200,4.87e-11
658800,1.06e-10
662400,2.76e-11
666000,6.84e-11
669600,2.15e-11
673200,1.32e-10
676800,5.61e-08
680400,3.69e-07
684000,1.05e-06
687600,1.84e-06
691200,2.86e-06
694800,3.37e-06
698400,3.69e-06
702000,3.16e-06
705600,2.67e-06
709200,1.21e-06
712800,5.25e-07
716400,4.64e-08
720000,1.69e-10
723600,1.29e-10
727200,1e-10
730800,8.82e-11
734400,1.01e-10
738000,3.24e-11
741600,1e-10
745200,6.67e-11
748800,5.99e-11
752400,2.19e-11
756000,1.47e-10
759600,9.35e-11
763200,2.22e-08
766800,1.84e-07
770400,4.81e-07
774000,1.16e-06
777600,1.98e-06
781200,2.82e-06
784800,3.69e-06
788400,1.38e-06
792000,1.11e-06
795600,7.19e-07
799200,2.15e-07
802800,2.81e-08
806400,2.7e-10
810000,6.48e-11
813600,2.72e-11
817200,8.43e-11
820800,1.08e-10
824400,6.72e-11
828000,7.52e-11
831600,1.21e-10
835200,7.35e-11
838800,2.54e-11
842400,1e-10
846000,1.65e-10
849600,4.36e-08
853200,3.52e-07
856800,1.54e-06
860400,3.15e-06
864000,4.47e-06
867600,5.17e-06
871200,5.1e-06
874800,4.61e-06
878400,3.64e-06
882000,1.98e-06
885600,6.39e-07
889200,6.22e-08
892800,4.2e-10
896400,3.63e-11
9e+05,6.47e-11
903600,6.74e-11
907200,9.24e-11
910800,1e-10
914400,5.51e-11
918000,1.51e-10
921600,1.32e-10
925200,8e-11
928800,5.1e-11
932400,2.18e-10
936000,4.92e-08
939600,4.22e-07
943200,1.45e-06
946800,2.97e-06
950400,4.28e-06
954000,5e-06
957600,5.11e-06
961200,4.25e-06
964800,3.55e-06
968400,1.82e-06
972000,6.51e-07
975600,6.53e-08
979200,5.28e-10
982800,4.72e-13
986400,1.88615384615385e-11
990000,5.77923076923077e-11
993600,5.86228571428571e-11
997200,3.14048571428571e-11
1000800,4.37e-11
1004400,6.78642857142857e-11
1008000,2.86928571428571e-11
1011600,2.67592857142857e-11
1015200,3.85064285714286e-11
1018800,1.38597857142857e-10
1022400,4.14928571428571e-08
1026000,3.04857142857143e-07
1029600,9.17214285714286e-07
1033200,2.14142857142857e-06
1036800,3.37571428571429e-06
1040400,4.18071428571429e-06
1044000,4.31214285714286e-06
1047600,3.685e-06
1051200,2.80285714285714e-06
1054800,1.49092857142857e-06
1058400,5.04928571428571e-07
1062000,5.05571428571429e-08
1065600,1.83721428571429e-10
1069200,2.61158571428571e-11
1072800,1.88615384615385e-11
1076400,5.77923076923077e-11
1080000,5.86228571428571e-11
1083600,3.14048571428571e-11
1087200,4.37e-11
1090800,6.78642857142857e-11
1094400,2.86928571428571e-11
1098000,2.67592857142857e-11
1101600,3.85064285714286e-11
1105200,1.38597857142857e-10
1108800,4.14928571428571e-08
1112400,3.04857142857143e-07
1116000,9.17214285714286e-07
1119600,2.14142857142857e-06
1123200,3.37571428571429e-06
1126800,4.18071428571429e-06
1130400,4.31214285714286e-06
1134000,3.685e-06
1137600,2.80285714285714e-06
1141200,1.49092857142857e-06
1144800,5.04928571428571e-07
1148400,5.05571428571429e-08
1152000,1.83721428571429e-10
1155600,2.61158571428571e-11
1159200,1.88615384615385e-11
1162800,5.77923076923077e-11
1166400,5.86228571428571e-11
1170000,3.14048571428571e-11
1173600,4.37e-11
1177200,6.78642857142857e-11
1180800,2.86928571428571e-11
1184400,2.67592857142857e-11
1188000,3.85064285714286e-11
1191600,1.38597857142857e-10
1195200,4.14928571428571e-08
1198800,3.04857142857143e-07
1202400,9.17214285714286e-07
1206000,2.14142857142857e-06
1209600,3.37571428571429e-06
1213200,4.18071428571429e-06
1216800,4.31214285714286e-06
1220400,3.685e-06
1224000,2.80285714285714e-06
1227600,1.49092857142857e-06
1231200,5.04928571428571e-07
1234800,5.05571428571429e-08
1238400,1.83721428571429e-10
1242000,2.61158571428571e-11
1245600,1.88615384615385e-11
1249200,5.77923076923077e-11
1252800,5.86228571428571e-11
1256400,3.14048571428571e-11
1260000,4.37e-11
1263600,6.78642857142857e-11
1267200,2.86928571428571e-11
1270800,2.67592857142857e-11
1274400,3.85064285714286e-11
1278000,1.38597857142857e-10
1281600,4.14928571428571e-08
1285200,3.04857142857143e-07
1288800,9.17214285714286e-07
1292400,2.14142857142857e-06
1296000,3.37571428571429e-06
1299600,4.18071428571429e-06
1303200,4.31214285714286e-06
1306800,3.685e-06
1310400,2.80285714285714e-06
1314000,1.49092857142857e-06
1317600,5.04928571428571e-07
1321200,5.05571428571429e-08
1324800,1.83721428571429e-10
1328400,2.61158571428571e-11
1332000,1.88615384615385e-11
1335600,5.77923076923077e-11
1339200,5.86228571428571e-11
1342800,3.14048571428571e-11
1346400,4.37e-11
1350000,6.78642857142857e-11
1353600,2.86928571428571e-11
1357200,2.67592857142857e-11
1360800,3.85064285714286e-11
1364400,1.38597857142857e-10
1368000,4.14928571428571e-08
1371600,3.04857142857143e-07
1375200,9.17214285714286e-07
1378800,2.14142857142857e-06
1382400,3.37571428571429e-06
1386000,4.18071428571429e-06
1389600,4.31214285714286e-06
1393200,3.685e-06
1396800,2.80285714285714e-06
1400400,1.49092857142857e-06
1404000,5.04928571428571e-07
1407600,5.05571428571429e-08
1411200,1.83721428571429e-10
1414800,2.61158571428571e-11
1418400,1.88615384615385e-11
1422000,5.77923076923077e-11
1425600,5.86228571428571e-11
1429200,3.14048571428571e-11
1432800,4.37e-11
1436400,6.78642857142857e-11
1440000,2.86928571428571e-11
1443600,2.67592857142857e-11
1447200,3.85064285714286e-11
1450800,1.38597857142857e-10
1454400,4.14928571428571e-08
1458000,3.04857142857143e-07
1461600,9.17214285714286e-07
1465200,2.14142857142857e-06
1468800,3.37571428571429e-06
1472400,4.18071428571429e-06
1476000,4.31214285714286e-06
1479600,3.685e-06
1483200,2.80285714285714e-06
1486800,1.49092857142857e-06
1490400,5.04928571428571e-07
1494000,5.05571428571429e-08
1497600,1.83721428571429e-10
1501200,2.61158571428571e-11
1504800,1.88615384615385e-11
1508400,5.77923076923077e-11
1512000,1e-10
1515600,1e-10
1519200,1e-10
1522800,1e-10
1526400,1.12e-11
1530000,1e-10
1533600,1e-10
1537200,5.52e-11
1540800,4.21e-08
1544400,2.59e-07
1548000,3.76e-07
1551600,1.15e-06
1555200,2.59e-06
1558800,3.83e-06
1562400,3.73e-06
1566000,3.04e-06
1569600,1.69e-06
1573200,7.54e-07
1576800,3e-07
1580400,3.65e-08
1584000,1e-10
1587600,1e-10
1591200,1e-10
1594800,1.27e-11
1598400,5.76e-11
1602000,1e-10
1605600,8.7e-11
1609200,1.54e-11
1612800,3.71e-11
1616400,5.93e-11
1620000,2.53e-11
1623600,8.41e-11
1627200,2.26e-08
1630800,1.71e-07
1634400,4.66e-07
1638000,2.02e-06
1641600,3.31e-06
1645200,3.11e-06
1648800,4.28e-06
1652400,3.69e-06
1656000,2.7e-06
1659600,1.18e-06
1663200,3.29e-07
1666800,2.9e-08
1670400,7.4e-11
1674000,6.61e-11
1677600,1e-10
1681200,1.11e-11
1684800,3.81e-11
1688400,4.58e-13
1692000,9.8e-11
1695600,7.9e-11
1699200,1e-10
1702800,1.55e-11
1706400,1.51e-12
1710000,9.99e-11
1713600,2.65e-08
1717200,2.55e-07
1720800,6.97e-07
1724400,1.91e-06
1728000,2.64e-06
1731600,3.68e-06
1735200,2.6e-06
1738800,3.45e-06
1742400,2.91e-06
1746000,1.6e-06
1749600,4.34e-07
1753200,5e-08
1756800,1.16e-10
1760400,6.95e-11
1764000,3.33e-11
1767600,4.33e-11
1771200,1.51e-11
1774800,3.44e-11
1778400,3.44e-11
1782000,1e-10
1785600,3.69e-11
1789200,4.76e-11
1792800,1.87e-12
1796400,2.37e-10
1800000,4.96e-08
1803600,3.67e-07
1807200,9.02e-07
1810800,2.16e-06
1814400,3.46e-06
1818000,4.25e-06
1821600,4.4e-06
1825200,3.95e-06
1828800,3.03e-06
1832400,1.34e-06
1836000,4.53e-07
1839600,5.62e-08
1843200,3.36e-11
1846800,1.68e-11
1850400,5.9e-11
1854000,5.7e-11
1857600,5.85e-11
1861200,8.28e-11
1864800,1.93e-11
1868400,8.25e-11
1872000,1e-10
1875600,9.23e-11
1879200,7.1e-11
1882800,2.88e-10
1886400,4.68e-08
1890000,2.79e-07
1893600,8.51e-07
1897200,2.22e-06
1900800,3.44e-06
1904400,4.24e-06
1908000,4.41e-06
1911600,3.65e-06
1915200,2.67e-06
1918800,1.23e-06
1922400,3.82e-07
1926000,4.15e-08
1929600,2.85e-10
1933200,6.29e-11
1936800,1e-10
1940400,9.92e-11
1944000,5.19e-11
1947600,1e-10
1951200,9.6e-11
1954800,8.62e-11
1958400,1e-10
1962000,1e-10
1965600,5.43e-11
1969200,3.15e-10
1972800,7.09e-08
1976400,4.14e-07
1980000,1.03e-06
1983600,2.5e-06
1987200,3.73e-06
1990800,4.79e-06
1994400,5.19e-06
1998000,4.84e-06
2001600,3.81e-06
2005200,2.19e-06
2008800,7.61e-07
2012400,7.9e-08
2016000,1.43e-10
2019600,1e-10
2023200,1e-10
2026800,1e-10
