0,7.61e-06
3600,1.01e-05
7200,9.87e-06
10800,9e-06
14400,6.39e-06
18000,3.5e-06
21600,1.08e-06
25200,8.99e-08
28800,2.6e-10
32400,1e-10
36000,5.63e-11
39600,2.88e-11
43200,6.06e-12
46800,1e-10
50400,1e-10
54000,3.05e-11
57600,6.71e-12
61200,1e-10
64800,2.3e-11
68400,4.62e-11
72000,1.22e-08
75600,1.26e-07
79200,6.67e-07
82800,3.94e-06
86400,7.61e-06
90000,1.01e-05
93600,9.87e-06
97200,9e-06
100800,6.39e-06
104400,3.5e-06
108000,1.08e-06
111600,8.99e-08
115200,2.6e-10
118800,1e-10
122400,5.63e-11
126000,2.88e-11
129600,6.06e-12
133200,1e-10
136800,1e-10
140400,3.05e-11
144000,6.71e-12
147600,1e-10
151200,2.3e-11
154800,4.62e-11
158400,1.22e-08
162000,1.26e-07
165600,6.67e-07
169200,3.94e-06
172800,7.61e-06
176400,1.01e-05
180000,9.87e-06
183600,9e-06
187200,6.39e-06
190800,3.5e-06
194400,1.08e-06
198000,8.99e-08
201600,2.6e-10
205200,1e-10
208800,5.63e-11
212400,2.88e-11
216000,6.06e-12
219600,1e-10
223200,1e-10
226800,3.05e-11
230400,6.71e-12
234000,1e-10
237600,2.3e-11
241200,4.62e-11
244800,1.22e-08
248400,1.26e-07
252000,6.67e-07
255600,3.94e-06
259200,7.61e-06
262800,1.01e-05
266400,9.87e-06
270000,9e-06
273600,6.39e-06
277200,3.5e-06
280800,1.08e-06
284400,8.99e-08
288000,2.6e-10
291600,1e-10
295200,5.63e-11
298800,2.88e-11
302400,6.06e-12
306000,1e-10
309600,1e-10
313200,3.05e-11
316800,6.71e-12
320400,1e-10
324000,2.3e-11
327600,4.62e-11
331200,1.22e-08
334800,1.26e-07
338400,6.67e-07
342000,3.94e-06
345600,7.61e-06
349200,1.01e-05
352800,9.87e-06
356400,9e-06
360000,6.39e-06
363600,3.5e-06
367200,1.08e-06
370800,8.99e-08
374400,2.6e-10
378000,1e-10
381600,5.63e-11
385200,2.88e-11
388800,3.69e-11
392400,1.81e-11
396000,3.02e-11
399600,2.51e-11
403200,1.94e-11
406800,6.37e-12
410400,2.83e-11
414000,8.09e-12
417600,2.14e-08
421200,1.51e-07
424800,1.1e-06
428400,4e-06
432000,6.67e-06
435600,9.37e-06
439200,9.18e-06
442800,7.03e-06
446400,4.07e-06
450000,2.46e-06
453600,7.22e-07
457200,6.2e-08
460800,1.09e-10
464400,1.47e-10
468000,4.52e-11
471600,2.36e-11
475200,4.65e-11
478800,6.01e-11
482400,3.42e-11
486000,7.61e-11
489600,1e-10
493200,2.23e-11
496800,8.41e-12
500400,4.45e-11
504000,1.5e-08
507600,1.01e-07
511200,9.52e-07
514800,3.41e-06
518400,7.25e-06
522000,9.44e-06
525600,1.01e-05
529200,8.83e-06
532800,6.53e-06
536400,3.99e-06
540000,1.22e-06
543600,1.02e-07
547200,5.92e-10
550800,1e-10
554400,4.13e-11
558000,5.51e-11
561600,3.36e-11
565200,4e-11
568800,4.77e-11
572400,1.51e-11
576000,3.67e-11
579600,9.49e-12
583200,3.86e-11
586800,3.51e-11
590400,2.66e-08
594000,1.86e-07
597600,1.41e-06
601200,4.57e-06
604800,8.77e-06
608400,1.15e-05
612000,1.14e-05
615600,9.42e-06
619200,7.57e-06
622800,3.98e-06
626400,1.39e-06
630000,1.16e-07
633600,1.45e-10
637200,1.86e-11
640800,1e-10
644400,4.39e-11
648000,2.83e-11
651600,1.47e-11
655200,2.4e-11
658800,4.83e-11
662400,1.38e-11
666000,3.03e-11
669600,1.15e-11
673200,6.49e-11
676800,2.79e-08
680400,1.74e-07
684000,1.06e-06
687600,3.31e-06
691200,6.01e-06
694800,7.44e-06
698400,8.28e-06
702000,6.99e-06
705600,5.76e-06
709200,2.49e-06
712800,9.75e-07
716400,8.04e-08
720000,3.19e-10
723600,1.19e-10
727200,1e-10
730800,4.1e-11
734400,4.63e-11
738000,1.74e-11
741600,1e-10
745200,3.16e-11
748800,2.77e-11
752400,1.16e-11
756000,6.56e-11
759600,4.49e-11
763200,1.1e-08
766800,8.61e-08
770400,4.97e-07
774000,2.09e-06
777600,4.13e-06
781200,6.19e-06
784800,8.21e-06
788400,3.02e-06
792000,2.36e-06
795600,1.46e-06
799200,3.99e-07
802800,4.86e-08
806400,4.8e-10
810000,5.86e-11
813600,1.41e-11
817200,3.92e-11
820800,4.87e-11
824400,3.13e-11
828000,3.4e-11
831600,5.38e-11
835200,3.42e-11
838800,1.32e-11
842400,1e-10
846000,7.81e-11
849600,2.16e-08
853200,1.66e-07
856800,1.59e-06
860400,5.6e-06
864000,9.32e-06
867600,1.14e-05
871200,1.13e-05
874800,1.01e-05
878400,7.73e-06
882000,4.01e-06
885600,1.17e-06
889200,1.08e-07
892800,7.69e-10
896400,4.46e-11
9e+05,2.96e-11
903600,3.15e-11
907200,4.28e-11
910800,9.31e-13
914400,2.52e-11
918000,6.79e-11
921600,5.96e-11
925200,3.6e-11
928800,2.47e-11
932400,1.06e-10
936000,2.45e-08
939600,1.99e-07
943200,1.53e-06
946800,5.29e-06
950400,8.89e-06
954000,1.1e-05
957600,1.13e-05
961200,9.31e-06
964800,7.54e-06
968400,3.69e-06
972000,1.19e-06
975600,1.13e-07
979200,9.8e-10
982800,1e-10
986400,1.03269230769231e-11
990000,2.749e-11
993600,2.76307142857143e-11
997200,1.59965e-11
1000800,2.11357142857143e-11
1004400,3.15428571428571e-11
1008000,1.47935714285714e-11
1011600,1.36892857142857e-11
1015200,1.91945e-11
1018800,7.00707142857143e-11
1022400,2.05357142857143e-08
1026000,1.43378571428571e-07
1029600,8.32071428571429e-07
1033200,3.56571428571429e-06
1036800,6.89428571428571e-06
1040400,9.15642857142857e-06
1044000,9.59e-06
1047600,8.13428571428572e-06
1051200,6.02214285714286e-06
1054800,3.03357142857143e-06
1058400,9.26785714285714e-07
1062000,8.46642857142857e-08
1065600,3.03878571428571e-10
1069200,2.46614285714286e-11
1072800,1.03269230769231e-11
1076400,2.749e-11
1080000,2.76307142857143e-11
1083600,1.59965e-11
1087200,2.11357142857143e-11
1090800,3.15428571428571e-11
1094400,1.47935714285714e-11
1098000,1.36892857142857e-11
1101600,1.91945e-11
1105200,7.00707142857143e-11
1108800,2.05357142857143e-08
1112400,1.43378571428571e-07
1116000,8.32071428571429e-07
1119600,3.56571428571429e-06
1123200,6.89428571428571e-06
1126800,9.15642857142857e-06
1130400,9.59e-06
1134000,8.13428571428572e-06
1137600,6.02214285714286e-06
1141200,3.03357142857143e-06
1144800,9.26785714285714e-07
1148400,8.46642857142857e-08
1152000,3.03878571428571e-10
1155600,2.46614285714286e-11
1159200,1.03269230769231e-11
1162800,2.749e-11
1166400,2.76307142857143e-11
1170000,1.59965e-11
1173600,2.11357142857143e-11
1177200,3.15428571428571e-11
1180800,1.47935714285714e-11
1184400,1.36892857142857e-11
1188000,1.91945e-11
1191600,7.00707142857143e-11
1195200,2.05357142857143e-08
1198800,1.43378571428571e-07
1202400,8.32071428571429e-07
1206000,3.56571428571429e-06
1209600,6.89428571428571e-06
1213200,9.15642857142857e-06
1216800,9.59e-06
1220400,8.13428571428572e-06
1224000,6.02214285714286e-06
1227600,3.03357142857143e-06
1231200,9.26785714285714e-07
1234800,8.46642857142857e-08
1238400,3.03878571428571e-10
1242000,2.46614285714286e-11
1245600,1.03269230769231e-11
1249200,2.749e-11
1252800,2.76307142857143e-11
1256400,1.59965e-11
1260000,2.11357142857143e-11
1263600,3.15428571428571e-11
1267200,1.47935714285714e-11
1270800,1.36892857142857e-11
1274400,1.91945e-11
1278000,7.00707142857143e-11
1281600,2.05357142857143e-08
1285200,1.43378571428571e-07
1288800,8.32071428571429e-07
1292400,3.56571428571429e-06
1296000,6.89428571428571e-06
1299600,9.15642857142857e-06
1303200,9.59e-06
1306800,8.13428571428572e-06
1310400,6.02214285714286e-06
1314000,3.03357142857143e-06
1317600,9.26785714285714e-07
1321200,8.46642857142857e-08
1324800,3.03878571428571e-10
1328400,2.46614285714286e-11
1332000,1.03269230769231e-11
1335600,2.749e-11
1339200,2.76307142857143e-11
1342800,1.59965e-11
1346400,2.11357142857143e-11
1350000,3.15428571428571e-11
1353600,1.47935714285714e-11
1357200,1.36892857142857e-11
1360800,1.91945e-11
1364400,7.00707142857143e-11
1368000,2.05357142857143e-08
1371600,1.43378571428571e-07
1375200,8.32071428571429e-07
1378800,3.56571428571429e-06
1382400,6.89428571428571e-06
1386000,9.15642857142857e-06
1389600,9.59e-06
1393200,8.13428571428572e-06
1396800,6.02214285714286e-06
1400400,3.03357142857143e-06
1404000,9.26785714285714e-07
1407600,8.46642857142857e-08
1411200,3.03878571428571e-10
1414800,2.46614285714286e-11
1418400,1.03269230769231e-11
1422000,2.749e-11
1425600,2.76307142857143e-11
1429200,1.59965e-11
1432800,2.11357142857143e-11
1436400,3.15428571428571e-11
1440000,1.47935714285714e-11
1443600,1.36892857142857e-11
1447200,1.91945e-11
1450800,7.00707142857143e-11
1454400,2.05357142857143e-08
1458000,1.43378571428571e-07
1461600,8.32071428571429e-07
1465200,3.56571428571429e-06
1468800,6.89428571428571e-06
1472400,9.15642857142857e-06
1476000,9.59e-06
1479600,8.13428571428572e-06
1483200,6.02214285714286e-06
1486800,3.03357142857143e-06
1490400,9.26785714285714e-07
1494000,8.46642857142857e-08
1497600,3.03878571428571e-10
1501200,2.46614285714286e-11
1504800,1.03269230769231e-11
1508400,2.749e-11
1512000,1e-10
1515600,1e-10
1519200,1e-10
1522800,1e-10
1526400,6.66e-12
1530000,1e-10
1533600,2.33e-13
1537200,3.32e-11
1540800,2.08e-08
1544400,1.22e-07
1548000,2.3e-07
1551600,1.65e-06
1555200,5.09e-06
1558800,8.23e-06
1562400,8.22e-06
1566000,6.69e-06
1569600,3.64e-06
1573200,1.53e-06
1576800,5.34e-07
1580400,5.8e-08
1584000,1e-10
1587600,1e-10
1591200,1e-10
1594800,8.16e-12
1598400,2.73e-11
1602000,1.28e-12
1605600,3.99e-11
1609200,8.85e-12
1612800,1.97e-11
1616400,2.85e-11
1620000,1.33e-11
1623600,4.82e-11
1627200,1.12e-08
1630800,8.02e-08
1634400,3.21e-07
1638000,2.99e-06
1641600,6.48e-06
1645200,6.69e-06
1648800,9.45e-06
1652400,8.14e-06
1656000,5.8e-06
1659600,2.4e-06
1663200,6e-07
1666800,4.58e-08
1670400,6.58e-11
1674000,3.88e-11
1677600,1e-10
1681200,7.91e-12
1684800,1.95e-11
1688400,2.76e-12
1692000,4.51e-11
1695600,3.59e-11
1699200,1e-10
1702800,8.99e-12
1706400,3.48e-12
1710000,4.88e-11
1713600,1.31e-08
1717200,1.19e-07
1720800,4.64e-07
1724400,2.79e-06
1728000,5.21e-06
1731600,7.89e-06
1735200,5.72e-06
1738800,7.61e-06
1742400,6.27e-06
1746000,3.24e-06
1749600,7.84e-07
1753200,8e-08
1756800,1.86e-10
1760400,3.18e-11
1764000,1.66e-11
1767600,2.21e-11
1771200,9.12e-12
1774800,1.78e-11
1778400,1.67e-11
1782000,1e-10
1785600,1.89e-11
1789200,2.29e-11
1792800,3.6e-12
1796400,1.22e-10
1800000,2.46e-08
1803600,1.73e-07
1807200,5.71e-07
1810800,3.2e-06
1814400,6.86e-06
1818000,9.21e-06
1821600,9.79e-06
1825200,8.8e-06
1828800,6.58e-06
1832400,2.73e-06
1836000,8.24e-07
1839600,8.95e-08
1843200,3.64e-11
1846800,1.23e-11
1850400,2.72e-11
1854000,2.71e-11
1857600,2.69e-11
1861200,3.82e-11
1864800,9.82e-12
1868400,3.71e-11
1872000,1e-10
1875600,4.24e-11
1879200,3.3e-11
1882800,1.4e-10
1886400,2.29e-08
1890000,1.3e-07
1893600,5.73e-07
1897200,3.32e-06
1900800,6.82e-06
1904400,9.23e-06
1908000,9.84e-06
1911600,8.14e-06
1915200,5.8e-06
1918800,2.51e-06
1922400,6.97e-07
1926000,6.61e-08
1929600,4.32e-10
1933200,3.11e-11
1936800,1e-10
1940400,4.49e-11
1944000,2.4e-11
1947600,1e-10
1951200,4.42e-11
1954800,3.96e-11
1958400,1e-10
1962000,1e-10
1965600,2.59e-11
1969200,1.61e-10
1972800,3.47e-08
1976400,1.94e-07
1980000,6.84e-07
1983600,3.76e-06
1987200,7.41e-06
1990800,1.05e-05
1994400,1.16e-05
1998000,1.08e-05
2001600,8.27e-06
2005200,4.48e-06
2008800,1.39e-06
2012400,1.26e-07
2016000,9.31e-11
2019600,1e-10
2023200,1e-10
2026800,1e-10
