0,9.82e-06
3600,1.15e-05
7200,1.1e-05
10800,1.04e-05
14400,7.93e-06
18000,4.99e-06
21600,1.97e-06
25200,2.17e-07
28800,3.69e-10
32400,1e-10
36000,4.73e-10
39600,2.23e-10
43200,9.46e-12
46800,1e-10
50400,1e-10
54000,2.27e-10
57600,9.75e-12
61200,1e-10
64800,1.69e-10
68400,4.4e-10
72000,1.55e-07
75600,1.44e-06
79200,2.58e-06
82800,6.87e-06
86400,9.82e-06
90000,1.15e-05
93600,1.1e-05
97200,1.04e-05
100800,7.93e-06
104400,4.99e-06
108000,1.97e-06
111600,2.17e-07
115200,3.69e-10
118800,1e-10
122400,4.73e-10
126000,2.23e-10
129600,9.46e-12
133200,1e-10
136800,1e-10
140400,2.27e-10
144000,9.75e-12
147600,1e-10
151200,1.69e-10
154800,4.4e-10
158400,1.55e-07
162000,1.44e-06
165600,2.58e-06
169200,6.87e-06
172800,9.82e-06
176400,1.15e-05
180000,1.1e-05
183600,1.04e-05
187200,7.93e-06
190800,4.99e-06
194400,1.97e-06
198000,2.17e-07
201600,3.69e-10
205200,1e-10
208800,4.73e-10
212400,2.23e-10
216000,9.46e-12
219600,1e-10
223200,1e-10
226800,2.27e-10
230400,9.75e-12
234000,1e-10
237600,1.69e-10
241200,4.4e-10
244800,1.55e-07
248400,1.44e-06
252000,2.58e-06
255600,6.87e-06
259200,9.82e-06
262800,1.15e-05
266400,1.1e-05
270000,1.04e-05
273600,7.93e-06
277200,4.99e-06
280800,1.97e-06
284400,2.17e-07
288000,3.69e-10
291600,1e-10
295200,4.73e-10
298800,2.23e-10
302400,9.46e-12
306000,1e-10
309600,1e-10
313200,2.27e-10
316800,9.75e-12
320400,1e-10
324000,1.69e-10
327600,4.4e-10
331200,1.55e-07
334800,1.44e-06
338400,2.58e-06
342000,6.87e-06
345600,9.82e-06
349200,1.15e-05
352800,1.1e-05
356400,1.04e-05
360000,7.93e-06
363600,4.99e-06
367200,1.97e-06
370800,2.17e-07
374400,3.69e-10
378000,1e-10
381600,4.73e-10
385200,2.23e-10
388800,2.96e-10
392400,1.25e-10
396000,2.11e-10
399600,1.82e-10
403200,1.29e-10
406800,1.46e-11
410400,2.13e-10
414000,1.45e-10
417600,2.74e-07
421200,1.74e-06
424800,4.36e-06
428400,7.02e-06
432000,8.69e-06
435600,1.08e-05
439200,1.04e-05
442800,8.23e-06
446400,5.09e-06
450000,3.48e-06
453600,1.31e-06
457200,1.5e-07
460800,1.81e-10
464400,2.77e-10
468000,3.67e-10
471600,1.84e-10
475200,3.6e-10
478800,4.92e-10
482400,2.57e-10
486000,6.36e-10
489600,1e-10
493200,1.62e-10
496800,3.83e-11
500400,4.39e-10
504000,1.92e-07
507600,1.15e-06
511200,3.7e-06
514800,5.86e-06
518400,9.3e-06
522000,1.08e-05
525600,1.13e-05
529200,1.02e-05
532800,8.06e-06
536400,5.63e-06
540000,2.21e-06
543600,2.46e-07
547200,8.39e-10
550800,1e-10
554400,3.27e-10
558000,4.59e-10
561600,2.63e-10
565200,3.18e-10
568800,3.92e-10
572400,9.01e-11
576000,2.89e-10
579600,5.01e-11
583200,2.92e-10
586800,4.44e-10
590400,3.41e-07
594000,2.13e-06
597600,5.44e-06
601200,7.87e-06
604800,1.12e-05
608400,1.3e-05
612000,1.26e-05
615600,1.07e-05
619200,9.26e-06
622800,5.61e-06
626400,2.51e-06
630000,2.81e-07
633600,3.1e-10
637200,1e-10
640800,1e-10
644400,3.41e-10
648000,2.22e-10
651600,1.06e-10
655200,1.66e-10
658800,3.82e-10
662400,8.76e-11
666000,2.4e-10
669600,6.46e-11
673200,6.97e-10
676800,3.55e-07
680400,1.98e-06
684000,4.2e-06
687600,5.61e-06
691200,7.61e-06
694800,8.45e-06
698400,9.1e-06
702000,7.98e-06
705600,7e-06
709200,3.42e-06
712800,1.74e-06
716400,1.92e-07
720000,4.14e-10
723600,3.89e-10
727200,1e-10
730800,3.21e-10
734400,3.7e-10
738000,9.26e-11
741600,1e-10
745200,2.34e-10
748800,2.15e-10
752400,6.4e-11
756000,5.4e-10
759600,4.27e-10
763200,1.38e-07
766800,9.72e-07
770400,1.9e-06
774000,3.58e-06
777600,5.34e-06
781200,7.16e-06
784800,9.17e-06
788400,3.54e-06
792000,2.94e-06
795600,2.04e-06
799200,7.07e-07
802800,1.17e-07
806400,6.77e-10
810000,1.81e-10
813600,8.62e-11
817200,2.96e-10
820800,4e-10
824400,2.35e-10
828000,2.74e-10
831600,4.47e-10
835200,2.75e-10
838800,8.12e-11
842400,1e-10
846000,7.97e-10
849600,2.74e-07
853200,1.88e-06
856800,6.19e-06
860400,9.82e-06
864000,1.21e-05
867600,1.31e-05
871200,1.28e-05
874800,1.18e-05
878400,9.76e-06
882000,5.77e-06
885600,2.18e-06
889200,2.62e-07
892800,1.05e-09
896400,1e-10
9e+05,2.47e-10
903600,2.42e-10
907200,3.42e-10
910800,1e-10
914400,1.96e-10
918000,5.56e-10
921600,4.79e-10
925200,2.81e-10
928800,1.84e-10
932400,1.2e-09
936000,3.13e-07
939600,2.3e-06
943200,5.81e-06
946800,9.26e-06
950400,1.16e-05
954000,1.27e-05
957600,1.28e-05
961200,1.08e-05
964800,9.51e-06
968400,5.28e-06
972000,2.23e-06
975600,2.79e-07
979200,1.31e-09
982800,2.12e-11
986400,5.80307692307692e-11
990000,2.04015384615385e-10
993600,2.09097142857143e-10
997200,1.0125e-10
1000800,1.50735714285714e-10
1004400,2.41364285714286e-10
1008000,9.13964285714286e-11
1011600,8.54e-11
1015200,1.30723571428571e-10
1018800,8.23428571428571e-10
1022400,2.6e-07
1026000,1.63228571428571e-06
1029600,3.84e-06
1033200,6.89571428571429e-06
1036800,9.295e-06
1040400,1.06592857142857e-05
1044000,1.07721428571429e-05
1047600,9.32071428571429e-06
1051200,7.40071428571429e-06
1054800,4.28357142857143e-06
1058400,1.69835714285714e-06
1062000,2.14571428571429e-07
1065600,5.08071428571429e-10
1069200,6.64371428571428e-11
1072800,5.80307692307692e-11
1076400,2.04015384615385e-10
1080000,2.09097142857143e-10
1083600,1.0125e-10
1087200,1.50735714285714e-10
1090800,2.41364285714286e-10
1094400,9.13964285714286e-11
1098000,8.54e-11
1101600,1.30723571428571e-10
1105200,8.23428571428571e-10
1108800,2.6e-07
1112400,1.63228571428571e-06
1116000,3.84e-06
1119600,6.89571428571429e-06
1123200,9.295e-06
1126800,1.06592857142857e-05
1130400,1.07721428571429e-05
1134000,9.32071428571429e-06
1137600,7.40071428571429e-06
1141200,4.28357142857143e-06
1144800,1.69835714285714e-06
1148400,2.14571428571429e-07
1152000,5.08071428571429e-10
1155600,6.64371428571428e-11
1159200,5.80307692307692e-11
1162800,2.04015384615385e-10
1166400,2.09097142857143e-10
1170000,1.0125e-10
1173600,1.50735714285714e-10
1177200,2.41364285714286e-10
1180800,9.13964285714286e-11
1184400,8.54e-11
1188000,1.30723571428571e-10
1191600,8.23428571428571e-10
1195200,2.6e-07
1198800,1.63228571428571e-06
1202400,3.84e-06
1206000,6.89571428571429e-06
1209600,9.295e-06
1213200,1.06592857142857e-05
1216800,1.07721428571429e-05
1220400,9.32071428571429e-06
1224000,7.40071428571429e-06
1227600,4.28357142857143e-06
1231200,1.69835714285714e-06
1234800,2.14571428571429e-07
1238400,5.08071428571429e-10
1242000,6.64371428571428e-11
1245600,5.80307692307692e-11
1249200,2.04015384615385e-10
1252800,2.09097142857143e-10
1256400,1.0125e-10
1260000,1.50735714285714e-10
1263600,2.41364285714286e-10
1267200,9.13964285714286e-11
1270800,8.54e-11
1274400,1.30723571428571e-10
1278000,8.23428571428571e-10
1281600,2.6e-07
1285200,1.63228571428571e-06
1288800,3.84e-06
1292400,6.89571428571429e-06
1296000,9.295e-06
1299600,1.06592857142857e-05
1303200,1.07721428571429e-05
1306800,9.32071428571429e-06
1310400,7.40071428571429e-06
1314000,4.28357142857143e-06
1317600,1.69835714285714e-06
1321200,2.14571428571429e-07
1324800,5.08071428571429e-10
1328400,6.64371428571428e-11
1332000,5.80307692307692e-11
1335600,2.04015384615385e-10
1339200,2.09097142857143e-10
1342800,1.0125e-10
1346400,1.50735714285714e-10
1350000,2.41364285714286e-10
1353600,9.13964285714286e-11
1357200,8.54e-11
1360800,1.30723571428571e-10
1364400,8.23428571428571e-10
1368000,2.6e-07
1371600,1.63228571428571e-06
1375200,3.84e-06
1378800,6.89571428571429e-06
1382400,9.295e-06
1386000,1.06592857142857e-05
1389600,1.07721428571429e-05
1393200,9.32071428571429e-06
1396800,7.40071428571429e-06
1400400,4.28357142857143e-06
1404000,1.69835714285714e-06
1407600,2.14571428571429e-07
1411200,5.08071428571429e-10
1414800,6.64371428571428e-11
1418400,5.80307692307692e-11
1422000,2.04015384615385e-10
1425600,2.09097142857143e-10
1429200,1.0125e-10
1432800,1.50735714285714e-10
1436400,2.41364285714286e-10
1440000,9.13964285714286e-11
1443600,8.54e-11
1447200,1.30723571428571e-10
1450800,8.23428571428571e-10
1454400,2.6e-07
1458000,1.63228571428571e-06
1461600,3.84e-06
1465200,6.89571428571429e-06
1468800,9.295e-06
1472400,1.06592857142857e-05
1476000,1.07721428571429e-05
1479600,9.32071428571429e-06
1483200,7.40071428571429e-06
1486800,4.28357142857143e-06
1490400,1.69835714285714e-06
1494000,2.14571428571429e-07
1497600,5.08071428571429e-10
1501200,6.64371428571428e-11
1504800,5.80307692307692e-11
1508400,2.04015384615385e-10
1512000,1e-10
1515600,1e-10
1519200,1e-10
1522800,1e-10
1526400,2.18e-11
1530000,1e-10
1533600,1e-10
1537200,4.96e-10
1540800,2.63e-07
1544400,1.4e-06
1548000,1.75e-06
1551600,3.99e-06
1555200,7.37e-06
1558800,9.99e-06
1562400,9.46e-06
1566000,7.71e-06
1569600,4.46e-06
1573200,2.15e-06
1576800,1.03e-06
1580400,1.57e-07
1584000,1e-10
1587600,1e-10
1591200,1e-10
1594800,3.69e-11
1598400,2.12e-10
1602000,1e-10
1605600,3.11e-10
1609200,4.13e-11
1612800,1.31e-10
1616400,2.11e-10
1620000,8.36e-11
1623600,6.68e-10
1627200,1.44e-07
1630800,9.1e-07
1634400,2.07e-06
1638000,6.89e-06
1641600,9.53e-06
1645200,8.12e-06
1648800,1.08e-05
1652400,9.33e-06
1656000,7.12e-06
1659600,3.41e-06
1663200,1.09e-06
1666800,1.27e-07
1670400,2.68e-10
1674000,2.22e-10
1677600,1e-10
1681200,2.63e-11
1684800,1.33e-10
1688400,1e-10
1692000,3.65e-10
1695600,2.84e-10
1699200,1e-10
1702800,5.03e-11
1706400,1e-10
1710000,5.15e-10
1713600,1.64e-07
1717200,1.35e-06
1720800,3.16e-06
1724400,6.57e-06
1728000,7.55e-06
1731600,9.61e-06
1735200,6.58e-06
1738800,8.76e-06
1742400,7.7e-06
1746000,4.64e-06
1749600,1.47e-06
1753200,2.17e-07
1756800,3.76e-10
1760400,2.6e-10
1764000,1.13e-10
1767600,1.53e-10
1771200,4.89e-11
1774800,1.22e-10
1778400,1.22e-10
1782000,1e-10
1785600,1.13e-10
1789200,1.69e-10
1792800,1e-10
1796400,1.57e-09
1800000,3.12e-07
1803600,1.97e-06
1807200,4.15e-06
1810800,7.33e-06
1814400,9.8e-06
1818000,1.1e-05
1821600,1.1e-05
1825200,9.9e-06
1828800,7.93e-06
1832400,3.81e-06
1836000,1.52e-06
1839600,2.41e-07
1843200,1.67e-10
1846800,3.77e-11
1850400,2.05e-10
1854000,1.95e-10
1857600,2.07e-10
1861200,2.9e-10
1864800,5.77e-11
1868400,2.97e-10
1872000,1e-10
1875600,3.37e-10
1879200,2.49e-10
1882800,1.6e-09
1886400,2.82e-07
1890000,1.45e-06
1893600,3.81e-06
1897200,7.48e-06
1900800,9.72e-06
1904400,1.08e-05
1908000,1.1e-05
1911600,9.14e-06
1915200,6.95e-06
1918800,3.48e-06
1922400,1.26e-06
1926000,1.78e-07
1929600,8.41e-10
1933200,2.12e-10
1936800,1e-10
1940400,3.59e-10
1944000,1.79e-10
1947600,1e-10
1951200,3.55e-10
1954800,3.21e-10
1958400,1e-10
1962000,1e-10
1965600,1.88e-10
1969200,2.09e-09
1972800,4.33e-07
1976400,2.18e-06
1980000,4.64e-06
1983600,8.39e-06
1987200,1.05e-05
1990800,1.22e-05
1994400,1.28e-05
1998000,1.2e-05
2001600,9.9e-06
2005200,6.26e-06
2008800,2.55e-06
2012400,3.4e-07
2016000,5.71e-10
2019600,1e-10
2023200,1e-10
2026800,1e-10
