0,4.67e-06
3600,5.5e-06
7200,5.25e-06
10800,4.96e-06
14400,3.78e-06
18000,2.37e-06
21600,9.38e-07
25200,1.04e-07
28800,1.76e-10
32400,1e-10
36000,2.25e-10
39600,1.06e-10
43200,4.23e-12
46800,1e-10
50400,1e-10
54000,1.08e-10
57600,4.67e-12
61200,1e-10
64800,8.05e-11
68400,2.1e-10
72000,7.38e-08
75600,6.86e-07
79200,1.23e-06
82800,3.27e-06
86400,4.67e-06
90000,5.5e-06
93600,5.25e-06
97200,4.96e-06
100800,3.78e-06
104400,2.37e-06
108000,9.38e-07
111600,1.04e-07
115200,1.76e-10
118800,1e-10
122400,2.25e-10
126000,1.06e-10
129600,4.23e-12
133200,1e-10
136800,1e-10
140400,1.08e-10
144000,4.67e-12
147600,1e-10
151200,8.05e-11
154800,2.1e-10
158400,7.38e-08
162000,6.86e-07
165600,1.23e-06
169200,3.27e-06
172800,4.67e-06
176400,5.5e-06
180000,5.25e-06
183600,4.96e-06
187200,3.78e-06
190800,2.37e-06
194400,9.38e-07
198000,1.04e-07
201600,1.76e-10
205200,1e-10
208800,2.25e-10
212400,1.06e-10
216000,4.23e-12
219600,1e-10
223200,1e-10
226800,1.08e-10
230400,4.67e-12
234000,1e-10
237600,8.05e-11
241200,2.1e-10
244800,7.38e-08
248400,6.86e-07
252000,1.23e-06
255600,3.27e-06
259200,4.67e-06
262800,5.5e-06
266400,5.25e-06
270000,4.96e-06
273600,3.78e-06
277200,2.37e-06
280800,9.38e-07
284400,1.04e-07
288000,1.76e-10
291600,1e-10
295200,2.25e-10
298800,1.06e-10
302400,4.23e-12
306000,1e-10
309600,1e-10
313200,1.08e-10
316800,4.67e-12
320400,1e-10
324000,8.05e-11
327600,2.1e-10
331200,7.38e-08
334800,6.86e-07
338400,1.23e-06
342000,3.27e-06
345600,4.67e-06
349200,5.5e-06
352800,5.25e-06
356400,4.96e-06
360000,3.78e-06
363600,2.37e-06
367200,9.38e-07
370800,1.04e-07
374400,1.76e-10
378000,1e-10
381600,2.25e-10
385200,1.06e-10
388800,1.41e-10
392400,5.95e-11
396000,1.01e-10
399600,8.64e-11
403200,6.15e-11
406800,7.05e-12
410400,1.01e-10
414000,6.9e-11
417600,1.3e-07
421200,8.31e-07
424800,2.08e-06
428400,3.34e-06
432000,4.14e-06
435600,5.13e-06
439200,4.94e-06
442800,3.92e-06
446400,2.43e-06
450000,1.66e-06
453600,6.22e-07
457200,7.16e-08
460800,8.61e-11
464400,1.32e-10
468000,1.75e-10
471600,8.76e-11
475200,1.71e-10
478800,2.34e-10
482400,1.22e-10
486000,3.03e-10
489600,1e-10
493200,7.74e-11
496800,1.82e-11
500400,2.1e-10
504000,9.15e-08
507600,5.47e-07
511200,1.76e-06
514800,2.79e-06
518400,4.43e-06
522000,5.12e-06
525600,5.37e-06
529200,4.84e-06
532800,3.84e-06
536400,2.68e-06
540000,1.05e-06
543600,1.17e-07
547200,4e-10
550800,1e-10
554400,1.56e-10
558000,2.18e-10
561600,1.25e-10
565200,1.52e-10
568800,1.87e-10
572400,4.3e-11
576000,1.38e-10
579600,2.37e-11
583200,1.39e-10
586800,2.11e-10
590400,1.62e-07
594000,1.01e-06
597600,2.59e-06
601200,3.75e-06
604800,5.35e-06
608400,6.17e-06
612000,6e-06
615600,5.11e-06
619200,4.41e-06
622800,2.67e-06
626400,1.19e-06
630000,1.34e-07
633600,1.48e-10
637200,1e-10
640800,1e-10
644400,1.63e-10
648000,1.06e-10
651600,5.07e-11
655200,7.9e-11
658800,1.82e-10
662400,4.17e-11
666000,1.14e-10
669600,3.09e-11
673200,3.32e-10
676800,1.69e-07
680400,9.44e-07
684000,2e-06
687600,2.67e-06
691200,3.63e-06
694800,4.03e-06
698400,4.33e-06
702000,3.8e-06
705600,3.33e-06
709200,1.63e-06
712800,8.27e-07
716400,9.16e-08
720000,1.97e-10
723600,1.86e-10
727200,1e-10
730800,1.53e-10
734400,1.76e-10
738000,4.41e-11
741600,1e-10
745200,1.12e-10
748800,1.02e-10
752400,2.99e-11
756000,2.57e-10
759600,2.03e-10
763200,6.59e-08
766800,4.62e-07
770400,9.05e-07
774000,1.7e-06
777600,2.54e-06
781200,3.41e-06
784800,4.37e-06
788400,1.68e-06
792000,1.4e-06
795600,9.71e-07
799200,3.37e-07
802800,5.56e-08
806400,3.23e-10
810000,8.65e-11
813600,4.12e-11
817200,1.41e-10
820800,1.9e-10
824400,1.12e-10
828000,1.3e-10
831600,2.13e-10
835200,1.31e-10
838800,3.87e-11
842400,1e-10
846000,3.79e-10
849600,1.3e-07
853200,8.96e-07
856800,2.95e-06
860400,4.67e-06
864000,5.74e-06
867600,6.23e-06
871200,6.09e-06
874800,5.61e-06
878400,4.65e-06
882000,2.75e-06
885600,1.04e-06
889200,1.25e-07
892800,4.97e-10
896400,4.7e-11
9e+05,1.17e-10
903600,1.15e-10
907200,1.63e-10
910800,1e-10
914400,9.36e-11
918000,2.65e-10
921600,2.28e-10
925200,1.34e-10
928800,8.73e-11
932400,5.73e-10
936000,1.49e-07
939600,1.09e-06
943200,2.77e-06
946800,4.41e-06
950400,5.51e-06
954000,6.03e-06
957600,6.09e-06
961200,5.16e-06
964800,4.53e-06
968400,2.51e-06
972000,1.06e-06
975600,1.33e-07
979200,6.22e-10
982800,1.01e-11
986400,2.76769230769231e-11
990000,9.71846153846154e-11
993600,9.94307142857143e-11
997200,4.825e-11
1000800,7.18357142857143e-11
1004400,1.14978571428571e-10
1008000,4.35264285714286e-11
1011600,4.07392857142857e-11
1015200,6.21264285714286e-11
1018800,3.92428571428571e-10
1022400,1.23792857142857e-07
1026000,7.76857142857143e-07
1029600,1.82857142857143e-06
1033200,3.28285714285714e-06
1036800,4.42357142857143e-06
1040400,5.07214285714286e-06
1044000,5.12642857142857e-06
1047600,4.43857142857143e-06
1051200,3.52357142857143e-06
1054800,2.04007142857143e-06
1058400,8.08357142857143e-07
1062000,1.02378571428571e-07
1065600,2.41792857142857e-10
1069200,3.16914285714286e-11
1072800,2.76769230769231e-11
1076400,9.71846153846154e-11
1080000,9.94307142857143e-11
1083600,4.825e-11
1087200,7.18357142857143e-11
1090800,1.14978571428571e-10
1094400,4.35264285714286e-11
1098000,4.07392857142857e-11
1101600,6.21264285714286e-11
1105200,3.92428571428571e-10
1108800,1.23792857142857e-07
1112400,7.76857142857143e-07
1116000,1.82857142857143e-06
1119600,3.28285714285714e-06
1123200,4.42357142857143e-06
1126800,5.07214285714286e-06
1130400,5.12642857142857e-06
1134000,4.43857142857143e-06
1137600,3.52357142857143e-06
1141200,2.04007142857143e-06
1144800,8.08357142857143e-07
1148400,1.02378571428571e-07
1152000,2.41792857142857e-10
1155600,3.16914285714286e-11
1159200,2.76769230769231e-11
1162800,9.71846153846154e-11
1166400,9.94307142857143e-11
1170000,4.825e-11
1173600,7.18357142857143e-11
1177200,1.14978571428571e-10
1180800,4.35264285714286e-11
1184400,4.07392857142857e-11
1188000,6.21264285714286e-11
1191600,3.92428571428571e-10
1195200,1.23792857142857e-07
1198800,7.76857142857143e-07
1202400,1.82857142857143e-06
1206000,3.28285714285714e-06
1209600,4.42357142857143e-06
1213200,5.07214285714286e-06
1216800,5.12642857142857e-06
1220400,4.43857142857143e-06
1224000,3.52357142857143e-06
1227600,2.04007142857143e-06
1231200,8.08357142857143e-07
1234800,1.02378571428571e-07
1238400,2.41792857142857e-10
1242000,3.16914285714286e-11
1245600,2.76769230769231e-11
1249200,9.71846153846154e-11
1252800,9.94307142857143e-11
1256400,4.825e-11
1260000,7.18357142857143e-11
1263600,1.14978571428571e-10
1267200,4.35264285714286e-11
1270800,4.07392857142857e-11
1274400,6.21264285714286e-11
1278000,3.92428571428571e-10
1281600,1.23792857142857e-07
1285200,7.76857142857143e-07
1288800,1.82857142857143e-06
1292400,3.28285714285714e-06
1296000,4.42357142857143e-06
1299600,5.07214285714286e-06
1303200,5.12642857142857e-06
1306800,4.43857142857143e-06
1310400,3.52357142857143e-06
1314000,2.04007142857143e-06
1317600,8.08357142857143e-07
1321200,1.02378571428571e-07
1324800,2.41792857142857e-10
1328400,3.16914285714286e-11
1332000,2.76769230769231e-11
1335600,9.71846153846154e-11
1339200,9.94307142857143e-11
1342800,4.825e-11
1346400,7.18357142857143e-11
1350000,1.14978571428571e-10
1353600,4.35264285714286e-11
1357200,4.07392857142857e-11
1360800,6.21264285714286e-11
1364400,3.92428571428571e-10
1368000,1.23792857142857e-07
1371600,7.76857142857143e-07
1375200,1.82857142857143e-06
1378800,3.28285714285714e-06
1382400,4.42357142857143e-06
1386000,5.07214285714286e-06
1389600,5.12642857142857e-06
1393200,4.43857142857143e-06
1396800,3.52357142857143e-06
1400400,2.04007142857143e-06
1404000,8.08357142857143e-07
1407600,1.02378571428571e-07
1411200,2.41792857142857e-10
1414800,3.16914285714286e-11
1418400,2.76769230769231e-11
1422000,9.71846153846154e-11
1425600,9.94307142857143e-11
1429200,4.825e-11
1432800,7.18357142857143e-11
1436400,1.14978571428571e-10
1440000,4.35264285714286e-11
1443600,4.07392857142857e-11
1447200,6.21264285714286e-11
1450800,3.92428571428571e-10
1454400,1.23792857142857e-07
1458000,7.76857142857143e-07
1461600,1.82857142857143e-06
1465200,3.28285714285714e-06
1468800,4.42357142857143e-06
1472400,5.07214285714286e-06
1476000,5.12642857142857e-06
1479600,4.43857142857143e-06
1483200,3.52357142857143e-06
1486800,2.04007142857143e-06
1490400,8.08357142857143e-07
1494000,1.02378571428571e-07
1497600,2.41792857142857e-10
1501200,3.16914285714286e-11
1504800,2.76769230769231e-11
1508400,9.71846153846154e-11
1512000,1e-10
1515600,1e-10
1519200,1e-10
1522800,1e-10
1526400,1.04e-11
1530000,1e-10
1533600,1e-10
1537200,2.36e-10
1540800,1.25e-07
1544400,6.65e-07
1548000,8.32e-07
1551600,1.9e-06
1555200,3.51e-06
1558800,4.76e-06
1562400,4.51e-06
1566000,3.67e-06
1569600,2.12e-06
1573200,1.03e-06
1576800,4.9e-07
1580400,7.5e-08
1584000,1e-10
1587600,1e-10
1591200,1e-10
1594800,1.74e-11
1598400,1.01e-10
1602000,1e-10
1605600,1.48e-10
1609200,1.95e-11
1612800,6.24e-11
1616400,1e-10
1620000,3.97e-11
1623600,3.19e-10
1627200,6.87e-08
1630800,4.33e-07
1634400,9.83e-07
1638000,3.28e-06
1641600,4.54e-06
1645200,3.87e-06
1648800,5.15e-06
1652400,4.45e-06
1656000,3.39e-06
1659600,1.62e-06
1663200,5.19e-07
1666800,6.07e-08
1670400,1.28e-10
1674000,1.06e-10
1677600,1e-10
1681200,1.26e-11
1684800,6.32e-11
1688400,1e-10
1692000,1.74e-10
1695600,1.35e-10
1699200,1e-10
1702800,2.41e-11
1706400,1e-10
1710000,2.45e-10
1713600,7.82e-08
1717200,6.43e-07
1720800,1.5e-06
1724400,3.13e-06
1728000,3.59e-06
1731600,4.57e-06
1735200,3.13e-06
1738800,4.17e-06
1742400,3.66e-06
1746000,2.21e-06
1749600,7e-07
1753200,1.04e-07
1756800,1.79e-10
1760400,1.24e-10
1764000,5.4e-11
1767600,7.27e-11
1771200,2.31e-11
1774800,5.79e-11
1778400,5.83e-11
1782000,1e-10
1785600,5.39e-11
1789200,8.09e-11
1792800,1e-10
1796400,7.47e-10
1800000,1.49e-07
1803600,9.37e-07
1807200,1.97e-06
1810800,3.49e-06
1814400,4.67e-06
1818000,5.21e-06
1821600,5.23e-06
1825200,4.71e-06
1828800,3.77e-06
1832400,1.82e-06
1836000,7.22e-07
1839600,1.15e-07
1843200,8e-11
1846800,1.78e-11
1850400,9.76e-11
1854000,9.31e-11
1857600,9.84e-11
1861200,1.38e-10
1864800,2.76e-11
1868400,1.42e-10
1872000,1e-10
1875600,1.61e-10
1879200,1.18e-10
1882800,7.64e-10
1886400,1.35e-07
1890000,6.92e-07
1893600,1.82e-06
1897200,3.56e-06
1900800,4.63e-06
1904400,5.16e-06
1908000,5.22e-06
1911600,4.35e-06
1915200,3.31e-06
1918800,1.66e-06
1922400,6.02e-07
1926000,8.48e-08
1929600,4.01e-10
1933200,1.01e-10
1936800,1e-10
1940400,1.71e-10
1944000,8.51e-11
1947600,1e-10
1951200,1.69e-10
1954800,1.52e-10
1958400,1e-10
1962000,1e-10
1965600,8.96e-11
1969200,9.96e-10
1972800,2.06e-07
1976400,1.04e-06
1980000,2.21e-06
1983600,4e-06
1987200,4.98e-06
1990800,5.82e-06
1994400,6.09e-06
1998000,5.71e-06
2001600,4.71e-06
2005200,2.98e-06
2008800,1.22e-06
2012400,1.62e-07
2016000,2.72e-10
2019600,1e-10
2023200,1e-10
2026800,1e-10
