0,4.62e-05
3600,5.45e-05
7200,5.2e-05
10800,4.9e-05
14400,3.71e-05
18000,2.3e-05
21600,8.89e-06
25200,9.38e-07
28800,1.76e-09
32400,1e-10
36000,2.28e-09
39600,1.07e-09
43200,5.23e-11
46800,1e-10
50400,1e-10
54000,1.1e-09
57600,5.43e-11
61200,1e-10
64800,8.25e-10
68400,1.96e-09
72000,6.6e-07
75600,6.4e-06
79200,1.18e-05
82800,3.2e-05
86400,4.62e-05
90000,5.45e-05
93600,5.2e-05
97200,4.9e-05
100800,3.71e-05
104400,2.3e-05
108000,8.89e-06
111600,9.38e-07
115200,1.76e-09
118800,1e-10
122400,2.28e-09
126000,1.07e-09
129600,5.23e-11
133200,1e-10
136800,1e-10
140400,1.1e-09
144000,5.43e-11
147600,1e-10
151200,8.25e-10
154800,1.96e-09
158400,6.6e-07
162000,6.4e-06
165600,1.18e-05
169200,3.2e-05
172800,4.62e-05
176400,5.45e-05
180000,5.2e-05
183600,4.9e-05
187200,3.71e-05
190800,2.3e-05
194400,8.89e-06
198000,9.38e-07
201600,1.76e-09
205200,1e-10
208800,2.28e-09
212400,1.07e-09
216000,5.23e-11
219600,1e-10
223200,1e-10
226800,1.1e-09
230400,5.43e-11
234000,1e-10
237600,8.25e-10
241200,1.96e-09
244800,6.6e-07
248400,6.4e-06
252000,1.18e-05
255600,3.2e-05
259200,4.62e-05
262800,5.45e-05
266400,5.2e-05
270000,4.9e-05
273600,3.71e-05
277200,2.3e-05
280800,8.89e-06
284400,9.38e-07
288000,1.76e-09
291600,1e-10
295200,2.28e-09
298800,1.07e-09
302400,5.23e-11
306000,1e-10
309600,1e-10
313200,1.1e-09
316800,5.43e-11
320400,1e-10
324000,8.25e-10
327600,1.96e-09
331200,6.6e-07
334800,6.4e-06
338400,1.18e-05
342000,3.2e-05
345600,4.62e-05
349200,5.45e-05
352800,5.2e-05
356400,4.9e-05
360000,3.71e-05
363600,2.3e-05
367200,8.89e-06
370800,9.38e-07
374400,1.76e-09
378000,1e-10
381600,2.28e-09
385200,1.07e-09
388800,1.42e-09
392400,6.06e-10
396000,1.03e-09
399600,8.74e-10
403200,6.29e-10
406800,8.11e-11
410400,1.02e-09
414000,4.6e-10
417600,1.16e-06
421200,7.72e-06
424800,1.98e-05
428400,3.27e-05
432000,4.09e-05
435600,5.08e-05
439200,4.88e-05
442800,3.87e-05
446400,2.38e-05
450000,1.61e-05
453600,5.92e-06
457200,6.51e-07
460800,8.72e-10
464400,1.35e-09
468000,1.76e-09
471600,8.93e-10
475200,1.74e-09
478800,2.37e-09
482400,1.24e-09
486000,3.06e-09
489600,1e-10
493200,7.83e-10
496800,1.88e-10
500400,1.91e-09
504000,8.18e-07
507600,5.12e-06
511200,1.69e-05
514800,2.74e-05
518400,4.38e-05
522000,5.07e-05
525600,5.31e-05
529200,4.78e-05
532800,3.77e-05
536400,2.6e-05
540000,1e-05
543600,1.06e-06
547200,4.06e-09
550800,1e-10
554400,1.58e-09
558000,2.2e-09
561600,1.27e-09
565200,1.53e-09
568800,1.88e-09
572400,4.33e-10
576000,1.39e-09
579600,2.45e-10
583200,1.41e-09
586800,1.77e-09
590400,1.45e-06
594000,9.46e-06
597600,2.48e-05
601200,3.68e-05
604800,5.3e-05
608400,6.12e-05
612000,5.94e-05
615600,5.05e-05
619200,4.34e-05
622800,2.6e-05
626400,1.13e-05
630000,1.21e-06
633600,1.46e-09
637200,1e-10
640800,1e-10
644400,1.66e-09
648000,1.07e-09
651600,5.17e-10
655200,8.07e-10
658800,1.84e-09
662400,4.28e-10
666000,1.16e-09
669600,3.2e-10
673200,3e-09
676800,1.51e-06
680400,8.8e-06
684000,1.92e-05
687600,2.63e-05
691200,3.59e-05
694800,3.99e-05
698400,4.3e-05
702000,3.76e-05
705600,3.28e-05
709200,1.59e-05
712800,7.9e-06
716400,8.34e-07
720000,1.99e-09
723600,1.89e-09
727200,1e-10
730800,1.55e-09
734400,1.78e-09
738000,4.62e-10
741600,1e-10
745200,1.14e-09
748800,1.04e-09
752400,3.11e-10
756000,2.59e-09
759600,1.9e-09
763200,5.94e-07
766800,4.34e-06
770400,8.74e-06
774000,1.67e-05
777600,2.52e-05
781200,3.38e-05
784800,4.33e-05
788400,1.67e-05
792000,1.38e-05
795600,9.49e-06
799200,3.23e-06
802800,5.06e-07
806400,3.29e-09
810000,8.9e-10
813600,4.28e-10
817200,1.44e-09
820800,1.92e-09
824400,1.13e-09
828000,1.33e-09
831600,2.15e-09
835200,1.32e-09
838800,3.97e-10
842400,1e-10
846000,3.51e-09
849600,1.17e-06
853200,8.39e-06
856800,2.82e-05
860400,4.58e-05
864000,5.68e-05
867600,6.17e-05
871200,6.03e-05
874800,5.54e-05
878400,4.56e-05
882000,2.67e-05
885600,9.82e-06
889200,1.13e-06
892800,5.06e-09
896400,4.88e-10
9e+05,1.18e-09
903600,1.17e-09
907200,1.64e-09
910800,1e-10
914400,9.46e-10
918000,2.67e-09
921600,2.31e-09
925200,1.35e-09
928800,8.85e-10
932400,5.1e-09
936000,1.33e-06
939600,1.02e-05
943200,2.65e-05
946800,4.32e-05
950400,5.45e-05
954000,5.97e-05
957600,6.03e-05
961200,5.1e-05
964800,4.45e-05
968400,2.44e-05
972000,1.01e-05
975600,1.2e-06
979200,6.33e-09
982800,1.06e-10
986400,2.85538461538462e-10
990000,9.89076923076923e-10
993600,1.00795e-09
997200,4.95242857142857e-10
1000800,7.31928571428571e-10
1004400,1.16535714285714e-09
1008000,4.48378571428571e-10
1011600,4.17292857142857e-10
1015200,6.34064285714286e-10
1018800,3.41642857142857e-09
1022400,1.10992857142857e-06
1026000,7.26357142857143e-06
1029600,1.74928571428571e-05
1033200,3.21285714285714e-05
1036800,4.37428571428571e-05
1040400,5.02642857142857e-05
1044000,5.07714285714286e-05
1047600,4.38714285714286e-05
1051200,3.46428571428571e-05
1054800,1.98421428571429e-05
1058400,7.69714285714286e-06
1062000,9.29357142857143e-07
1065600,2.39335714285714e-09
1069200,3.31571428571429e-10
1072800,2.85538461538462e-10
1076400,9.89076923076923e-10
1080000,1.00795e-09
1083600,4.95242857142857e-10
1087200,7.31928571428571e-10
1090800,1.16535714285714e-09
1094400,4.48378571428571e-10
1098000,4.17292857142857e-10
1101600,6.34064285714286e-10
1105200,3.41642857142857e-09
1108800,1.10992857142857e-06
1112400,7.26357142857143e-06
1116000,1.74928571428571e-05
1119600,3.21285714285714e-05
1123200,4.37428571428571e-05
1126800,5.02642857142857e-05
1130400,5.07714285714286e-05
1134000,4.38714285714286e-05
1137600,3.46428571428571e-05
1141200,1.98421428571429e-05
1144800,7.69714285714286e-06
1148400,9.29357142857143e-07
1152000,2.39335714285714e-09
1155600,3.31571428571429e-10
1159200,2.85538461538462e-10
1162800,9.89076923076923e-10
1166400,1.00795e-09
1170000,4.95242857142857e-10
1173600,7.31928571428571e-10
1177200,1.16535714285714e-09
1180800,4.48378571428571e-10
1184400,4.17292857142857e-10
1188000,6.34064285714286e-10
1191600,3.41642857142857e-09
1195200,1.10992857142857e-06
1198800,7.26357142857143e-06
1202400,1.74928571428571e-05
1206000,3.21285714285714e-05
1209600,4.37428571428571e-05
1213200,5.02642857142857e-05
1216800,5.07714285714286e-05
1220400,4.38714285714286e-05
1224000,3.46428571428571e-05
1227600,1.98421428571429e-05
1231200,7.69714285714286e-06
1234800,9.29357142857143e-07
1238400,2.39335714285714e-09
1242000,3.31571428571429e-10
1245600,2.85538461538462e-10
1249200,9.89076923076923e-10
1252800,1.00795e-09
1256400,4.95242857142857e-10
1260000,7.31928571428571e-10
1263600,1.16535714285714e-09
1267200,4.48378571428571e-10
1270800,4.17292857142857e-10
1274400,6.34064285714286e-10
1278000,3.41642857142857e-09
1281600,1.10992857142857e-06
1285200,7.26357142857143e-06
1288800,1.74928571428571e-05
1292400,3.21285714285714e-05
1296000,4.37428571428571e-05
1299600,5.02642857142857e-05
1303200,5.07714285714286e-05
1306800,4.38714285714286e-05
1310400,3.46428571428571e-05
1314000,1.98421428571429e-05
1317600,7.69714285714286e-06
1321200,9.29357142857143e-07
1324800,2.39335714285714e-09
1328400,3.31571428571429e-10
1332000,2.85538461538462e-10
1335600,9.89076923076923e-10
1339200,1.00795e-09
1342800,4.95242857142857e-10
1346400,7.31928571428571e-10
1350000,1.16535714285714e-09
1353600,4.48378571428571e-10
1357200,4.17292857142857e-10
1360800,6.34064285714286e-10
1364400,3.41642857142857e-09
1368000,1.10992857142857e-06
1371600,7.26357142857143e-06
1375200,1.74928571428571e-05
1378800,3.21285714285714e-05
1382400,4.37428571428571e-05
1386000,5.02642857142857e-05
1389600,5.07714285714286e-05
1393200,4.38714285714286e-05
1396800,3.46428571428571e-05
1400400,1.98421428571429e-05
1404000,7.69714285714286e-06
1407600,9.29357142857143e-07
1411200,2.39335714285714e-09
1414800,3.31571428571429e-10
1418400,2.85538461538462e-10
1422000,9.89076923076923e-10
1425600,1.00795e-09
1429200,4.95242857142857e-10
1432800,7.31928571428571e-10
1436400,1.16535714285714e-09
1440000,4.48378571428571e-10
1443600,4.17292857142857e-10
1447200,6.34064285714286e-10
1450800,3.41642857142857e-09
1454400,1.10992857142857e-06
1458000,7.26357142857143e-06
1461600,1.74928571428571e-05
1465200,3.21285714285714e-05
1468800,4.37428571428571e-05
1472400,5.02642857142857e-05
1476000,5.07714285714286e-05
1479600,4.38714285714286e-05
1483200,3.46428571428571e-05
1486800,1.98421428571429e-05
1490400,7.69714285714286e-06
1494000,9.29357142857143e-07
1497600,2.39335714285714e-09
1501200,3.31571428571429e-10
1504800,2.85538461538462e-10
1508400,9.89076923076923e-10
1512000,1e-10
1515600,1e-10
1519200,1e-10
1522800,1e-10
1526400,1.18e-10
1530000,1e-10
1533600,1e-10
1537200,1.84e-09
1540800,1.12e-06
1544400,6.2e-06
1548000,7.93e-06
1551600,1.85e-05
1555200,3.47e-05
1558800,4.71e-05
1562400,4.46e-05
1566000,3.63e-05
1569600,2.09e-05
1573200,1e-05
1576800,4.67e-06
1580400,6.85e-07
1584000,1e-10
1587600,1e-10
1591200,1e-10
1594800,1.86e-10
1598400,1.01e-09
1602000,1e-10
1605600,1.5e-09
1609200,2.02e-10
1612800,6.33e-10
1616400,1.01e-09
1620000,4.06e-10
1623600,2.55e-09
1627200,6.12e-07
1630800,4.05e-06
1634400,9.43e-06
1638000,3.2e-05
1641600,4.47e-05
1645200,3.83e-05
1648800,5.1e-05
1652400,4.39e-05
1656000,3.33e-05
1659600,1.58e-05
1663200,4.98e-06
1666800,5.51e-07
1670400,1.2e-09
1674000,1.07e-09
1677600,1e-10
1681200,1.34e-10
1684800,6.39e-10
1688400,1e-10
1692000,1.75e-09
1695600,1.37e-09
1699200,1e-10
1702800,2.45e-10
1706400,1e-10
1710000,2.23e-09
1713600,7.05e-07
1717200,6.03e-06
1720800,1.43e-05
1724400,3.04e-05
1728000,3.55e-05
1731600,4.53e-05
1735200,3.1e-05
1738800,4.11e-05
1742400,3.6e-05
1746000,2.15e-05
1749600,6.67e-06
1753200,9.4e-07
1756800,1.7e-09
1760400,1.25e-09
1764000,5.46e-10
1767600,7.4e-10
1771200,2.41e-10
1774800,5.84e-10
1778400,5.88e-10
1782000,1e-10
1785600,5.57e-10
1789200,8.24e-10
1792800,1e-10
1796400,6.32e-09
1800000,1.33e-06
1803600,8.73e-06
1807200,1.88e-05
1810800,3.41e-05
1814400,4.61e-05
1818000,5.17e-05
1821600,5.18e-05
1825200,4.66e-05
1828800,3.71e-05
1832400,1.77e-05
1836000,6.9e-06
1839600,1.05e-06
1843200,6.75e-10
1846800,1.93e-10
1850400,9.93e-10
1854000,9.49e-10
1857600,9.99e-10
1861200,1.41e-09
1864800,2.84e-10
1868400,1.44e-09
1872000,1e-10
1875600,1.63e-09
1879200,1.21e-09
1882800,6.79e-09
1886400,1.22e-06
1890000,6.52e-06
1893600,1.74e-05
1897200,3.48e-05
1900800,4.58e-05
1904400,5.12e-05
1908000,5.17e-05
1911600,4.3e-05
1915200,3.26e-05
1918800,1.62e-05
1922400,5.78e-06
1926000,7.76e-07
1929600,3.93e-09
1933200,1.03e-09
1936800,1e-10
1940400,1.73e-09
1944000,8.67e-10
1947600,1e-10
1951200,1.71e-09
1954800,1.53e-09
1958400,1e-10
1962000,1e-10
1965600,9.13e-10
1969200,8.49e-09
1972800,1.86e-06
1976400,9.73e-06
1980000,2.11e-05
1983600,3.91e-05
1987200,4.93e-05
1990800,5.78e-05
1994400,6.05e-05
1998000,5.66e-05
2001600,4.64e-05
2005200,2.9e-05
2008800,1.16e-05
2012400,1.48e-06
2016000,2.56e-09
2019600,1e-10
2023200,1e-10
2026800,1e-10
