0,8.58e-07
3600,9.7e-07
7200,9.16e-07
10800,8.89e-07
14400,7.15e-07
18000,5e-07
21600,2.33e-07
25200,3.15e-08
28800,2.94e-11
32400,1e-10
36000,4.05e-11
39600,1.93e-11
43200,1e-10
46800,1e-10
50400,1e-10
54000,1.8e-11
57600,1e-10
61200,1e-10
64800,1.3e-11
68400,5.62e-11
72000,2.37e-08
75600,1.85e-07
79200,2.8e-07
82800,6.56e-07
86400,8.58e-07
90000,9.7e-07
93600,9.16e-07
97200,8.89e-07
100800,7.15e-07
104400,5e-07
108000,2.33e-07
111600,3.15e-08
115200,2.94e-11
118800,1e-10
122400,4.05e-11
126000,1.93e-11
129600,1e-10
133200,1e-10
136800,1e-10
140400,1.8e-11
144000,1e-10
147600,1e-10
151200,1.3e-11
154800,5.62e-11
158400,2.37e-08
162000,1.85e-07
165600,2.8e-07
169200,6.56e-07
172800,8.58e-07
176400,9.7e-07
180000,9.16e-07
183600,8.89e-07
187200,7.15e-07
190800,5e-07
194400,2.33e-07
198000,3.15e-08
201600,2.94e-11
205200,1e-10
208800,4.05e-11
212400,1.93e-11
216000,1e-10
219600,1e-10
223200,1e-10
226800,1.8e-11
230400,1e-10
234000,1e-10
237600,1.3e-11
241200,5.62e-11
244800,2.37e-08
248400,1.85e-07
252000,2.8e-07
255600,6.56e-07
259200,8.58e-07
262800,9.7e-07
266400,9.16e-07
270000,8.89e-07
273600,7.15e-07
277200,5e-07
280800,2.33e-07
284400,3.15e-08
288000,2.94e-11
291600,1e-10
295200,4.05e-11
298800,1.93e-11
302400,1e-10
306000,1e-10
309600,1e-10
313200,1.8e-11
316800,1e-10
320400,1e-10
324000,1.3e-11
327600,5.62e-11
331200,2.37e-08
334800,1.85e-07
338400,2.8e-07
342000,6.56e-07
345600,8.58e-07
349200,9.7e-07
352800,9.16e-07
356400,8.89e-07
360000,7.15e-07
363600,5e-07
367200,2.33e-07
370800,3.15e-08
374400,2.94e-11
378000,1e-10
381600,4.05e-11
385200,1.93e-11
388800,2.56e-11
392400,1.04e-11
396000,1.64e-11
399600,1.49e-11
403200,9.6e-12
406800,3.6e-13
410400,1.8e-11
414000,4.22e-11
417600,4.24e-08
421200,2.34e-07
424800,4.95e-07
428400,6.81e-07
432000,7.67e-07
435600,9.14e-07
439200,8.78e-07
442800,7.14e-07
446400,4.55e-07
450000,3.38e-07
453600,1.45e-07
457200,2.08e-08
460800,1.42e-11
464400,1.79e-11
468000,3.15e-11
471600,1.55e-11
475200,3.05e-11
478800,4.25e-11
482400,2.15e-11
486000,5.51e-11
489600,1e-10
493200,1.24e-11
496800,2.09e-12
500400,6.18e-11
504000,2.89e-08
507600,1.43e-07
511200,4.08e-07
514800,5.51e-07
518400,8.1e-07
522000,9.02e-07
525600,9.47e-07
529200,8.73e-07
532800,7.26e-07
536400,5.64e-07
540000,2.62e-07
543600,3.57e-08
547200,6.22e-11
550800,1e-10
554400,2.76e-11
558000,4e-11
561600,2.21e-11
565200,2.67e-11
568800,3.45e-11
572400,7.05e-12
576000,2.45e-11
579600,3.53e-12
583200,2.41e-11
586800,8.74e-11
590400,5.4e-08
594000,2.84e-07
597600,6.06e-07
601200,7.37e-07
604800,9.75e-07
608400,1.07e-06
612000,1.04e-06
615600,8.97e-07
619200,8.2e-07
622800,5.47e-07
626400,2.91e-07
630000,4.04e-08
633600,2.79e-11
637200,1e-10
640800,1e-10
644400,2.87e-11
648000,1.9e-11
651600,9.11e-12
655200,1.37e-11
658800,3.3e-11
662400,6.75e-12
666000,2.07e-11
669600,4.66e-12
673200,1.04e-10
676800,5.47e-08
680400,2.57e-07
684000,4.54e-07
687600,5.15e-07
691200,6.5e-07
694800,6.98e-07
698400,7.44e-07
702000,6.71e-07
705600,6.13e-07
709200,3.19e-07
712800,1.91e-07
716400,2.63e-08
720000,3.09e-11
723600,2.97e-11
727200,1e-10
730800,2.73e-11
734400,3.13e-11
738000,5.87e-12
741600,1e-10
745200,1.92e-11
748800,1.82e-11
752400,4.8e-12
756000,4.68e-11
759600,5.47e-11
763200,2e-08
766800,1.19e-07
770400,1.98e-07
774000,3.29e-07
777600,4.58e-07
781200,5.98e-07
784800,7.6e-07
788400,2.97e-07
792000,2.55e-07
795600,1.89e-07
799200,7.46e-08
802800,1.58e-08
806400,4.8e-11
810000,1.26e-11
813600,6.39e-12
817200,2.47e-11
820800,3.49e-11
824400,1.99e-11
828000,2.32e-11
831600,3.9e-11
835200,2.33e-11
838800,6.03e-12
842400,1e-10
846000,1.07e-10
849600,4.02e-08
853200,2.38e-07
856800,6.93e-07
860400,9.34e-07
864000,1.05e-06
867600,1.09e-06
871200,1.06e-06
874800,1e-06
878400,8.81e-07
882000,5.66e-07
885600,2.5e-07
889200,3.81e-08
892800,7.53e-11
896400,6.53e-12
9e+05,2.16e-11
903600,2.07e-11
907200,3.01e-11
910800,1e-10
914400,1.68e-11
918000,4.86e-11
921600,4.14e-11
925200,2.32e-11
928800,1.53e-11
932400,1.95e-10
936000,4.83e-08
939600,3.06e-07
943200,6.48e-07
946800,8.81e-07
950400,1.01e-06
954000,1.06e-06
957600,1.06e-06
961200,9.12e-07
964800,8.57e-07
968400,5.17e-07
972000,2.62e-07
975600,4.12e-08
979200,9.3e-11
982800,2.29e-12
986400,4.27230769230769e-12
990000,1.70676923076923e-11
993600,1.75575714285714e-11
997200,7.91214285714286e-12
1000800,1.24221428571429e-11
1004400,2.03228571428571e-11
1008000,6.82935714285714e-12
1011600,6.54928571428571e-12
1015200,1.02825714285714e-11
1018800,1.4215e-10
1022400,3.93714285714286e-08
1026000,2.10857142857143e-07
1029600,4.29928571428571e-07
1033200,6.65428571428571e-07
1036800,8.18142857142857e-07
1040400,8.96428571428571e-07
1044000,8.96857142857143e-07
1047600,7.91928571428571e-07
1051200,6.60785714285714e-07
1054800,4.16857142857143e-07
1058400,1.929e-07
1062000,3.03785714285714e-08
1065600,4.55285714285714e-11
1069200,3.885e-12
1072800,4.27230769230769e-12
1076400,1.70676923076923e-11
1080000,1.75575714285714e-11
1083600,7.91214285714286e-12
1087200,1.24221428571429e-11
1090800,2.03228571428571e-11
1094400,6.82935714285714e-12
1098000,6.54928571428571e-12
1101600,1.02825714285714e-11
1105200,1.4215e-10
1108800,3.93714285714286e-08
1112400,2.10857142857143e-07
1116000,4.29928571428571e-07
1119600,6.65428571428571e-07
1123200,8.18142857142857e-07
1126800,8.96428571428571e-07
1130400,8.96857142857143e-07
1134000,7.91928571428571e-07
1137600,6.60785714285714e-07
1141200,4.16857142857143e-07
1144800,1.929e-07
1148400,3.03785714285714e-08
1152000,4.55285714285714e-11
1155600,3.885e-12
1159200,4.27230769230769e-12
1162800,1.70676923076923e-11
1166400,1.75575714285714e-11
1170000,7.91214285714286e-12
1173600,1.24221428571429e-11
1177200,2.03228571428571e-11
1180800,6.82935714285714e-12
1184400,6.54928571428571e-12
1188000,1.02825714285714e-11
1191600,1.4215e-10
1195200,3.93714285714286e-08
1198800,2.10857142857143e-07
1202400,4.29928571428571e-07
1206000,6.65428571428571e-07
1209600,8.18142857142857e-07
1213200,8.96428571428571e-07
1216800,8.96857142857143e-07
1220400,7.91928571428571e-07
1224000,6.60785714285714e-07
1227600,4.16857142857143e-07
1231200,1.929e-07
1234800,3.03785714285714e-08
1238400,4.55285714285714e-11
1242000,3.885e-12
1245600,4.27230769230769e-12
1249200,1.70676923076923e-11
1252800,1.75575714285714e-11
1256400,7.91214285714286e-12
1260000,1.24221428571429e-11
1263600,2.03228571428571e-11
1267200,6.82935714285714e-12
1270800,6.54928571428571e-12
1274400,1.02825714285714e-11
1278000,1.4215e-10
1281600,3.93714285714286e-08
1285200,2.10857142857143e-07
1288800,4.29928571428571e-07
1292400,6.65428571428571e-07
1296000,8.18142857142857e-07
1299600,8.96428571428571e-07
1303200,8.96857142857143e-07
1306800,7.91928571428571e-07
1310400,6.60785714285714e-07
1314000,4.16857142857143e-07
1317600,1.929e-07
1321200,3.03785714285714e-08
1324800,4.55285714285714e-11
1328400,3.885e-12
1332000,4.27230769230769e-12
1335600,1.70676923076923e-11
1339200,1.75575714285714e-11
1342800,7.91214285714286e-12
1346400,1.24221428571429e-11
1350000,2.03228571428571e-11
1353600,6.82935714285714e-12
1357200,6.54928571428571e-12
1360800,1.02825714285714e-11
1364400,1.4215e-10
1368000,3.93714285714286e-08
1371600,2.10857142857143e-07
1375200,4.29928571428571e-07
1378800,6.65428571428571e-07
1382400,8.18142857142857e-07
1386000,8.96428571428571e-07
1389600,8.96857142857143e-07
1393200,7.91928571428571e-07
1396800,6.60785714285714e-07
1400400,4.16857142857143e-07
1404000,1.929e-07
1407600,3.03785714285714e-08
1411200,4.55285714285714e-11
1414800,3.885e-12
1418400,4.27230769230769e-12
1422000,1.70676923076923e-11
1425600,1.75575714285714e-11
1429200,7.91214285714286e-12
1432800,1.24221428571429e-11
1436400,2.03228571428571e-11
1440000,6.82935714285714e-12
1443600,6.54928571428571e-12
1447200,1.02825714285714e-11
1450800,1.4215e-10
1454400,3.93714285714286e-08
1458000,2.10857142857143e-07
1461600,4.29928571428571e-07
1465200,6.65428571428571e-07
1468800,8.18142857142857e-07
1472400,8.96428571428571e-07
1476000,8.96857142857143e-07
1479600,7.91928571428571e-07
1483200,6.60785714285714e-07
1486800,4.16857142857143e-07
1490400,1.929e-07
1494000,3.03785714285714e-08
1497600,4.55285714285714e-11
1501200,3.885e-12
1504800,4.27230769230769e-12
1508400,1.70676923076923e-11
1512000,1e-10
1515600,1e-10
1519200,1e-10
1522800,1e-10
1526400,8.78e-13
1530000,1e-10
1533600,1e-10
1537200,1.15e-10
1540800,3.96e-08
1544400,1.86e-07
1548000,2.04e-07
1551600,4.03e-07
1555200,6.6e-07
1558800,8.58e-07
1562400,8.03e-07
1566000,6.62e-07
1569600,3.96e-07
1573200,2.03e-07
1576800,1.15e-07
1580400,2.16e-08
1584000,1e-10
1587600,1e-10
1591200,1e-10
1594800,1.76e-12
1598400,1.85e-11
1602000,1e-10
1605600,2.66e-11
1609200,2.33e-12
1612800,1.14e-11
1616400,1.81e-11
1620000,6.88e-12
1623600,1.48e-10
1627200,2.26e-08
1630800,1.15e-07
1634400,2.28e-07
1638000,6.84e-07
1641600,8.67e-07
1645200,6.99e-07
1648800,9.15e-07
1652400,8.02e-07
1656000,6.4e-07
1659600,3.28e-07
1663200,1.17e-07
1666800,1.79e-08
1670400,3.28e-11
1674000,1.8e-11
1677600,1e-10
1681200,1.92e-12
1684800,1.13e-11
1688400,1e-10
1692000,3.28e-11
1695600,2.43e-11
1699200,1e-10
1702800,4.33e-12
1706400,1e-10
1710000,7.68e-11
1713600,2.39e-08
1717200,1.69e-07
1720800,3.64e-07
1724400,6.63e-07
1728000,6.8e-07
1731600,8.31e-07
1735200,5.58e-07
1738800,7.58e-07
1742400,6.99e-07
1746000,4.61e-07
1749600,1.67e-07
1753200,3.09e-08
1756800,4.52e-11
1760400,2.27e-11
1764000,8.86e-12
1767600,1.24e-11
1771200,3.06e-12
1774800,1.04e-11
1778400,1.06e-11
1782000,1e-10
1785600,8.09e-12
1789200,1.4e-11
1792800,1e-10
1796400,3e-10
1800000,4.84e-08
1803600,2.62e-07
1807200,4.88e-07
1810800,7.3e-07
1814400,8.81e-07
1818000,9.27e-07
1821600,9.21e-07
1825200,8.41e-07
1828800,7.12e-07
1832400,3.68e-07
1836000,1.69e-07
1839600,3.32e-08
1843200,3.06e-11
1846800,1.76e-12
1850400,1.72e-11
1854000,1.63e-11
1857600,1.75e-11
1861200,2.44e-11
1864800,4.36e-12
1868400,2.58e-11
1872000,1e-10
1875600,2.91e-11
1879200,2.03e-11
1882800,2.57e-10
1886400,4.02e-08
1890000,1.77e-07
1893600,4.3e-07
1897200,7.36e-07
1900800,8.67e-07
1904400,9.13e-07
1908000,9.14e-07
1911600,7.76e-07
1915200,6.14e-07
1918800,3.31e-07
1922400,1.35e-07
1926000,2.4e-08
1929600,7.97e-11
1933200,1.62e-11
1936800,1e-10
1940400,3.06e-11
1944000,1.45e-11
1947600,1e-10
1951200,3.07e-11
1954800,2.79e-11
1958400,1e-10
1962000,1e-10
1965600,1.48e-11
1969200,3.85e-10
1972800,6.43e-08
1976400,2.77e-07
1980000,5.23e-07
1983600,8.16e-07
1987200,9.21e-07
1990800,1.02e-06
1994400,1.04e-06
1998000,9.95e-07
2001600,8.68e-07
2005200,6.05e-07
2008800,2.89e-07
2012400,4.79e-08
2016000,7.09e-11
2019600,1e-10
2023200,1e-10
2026800,1e-10
