0,0.000402345
3600,0.000452706
7200,0.000417921
10800,0.000418127
14400,0.000356741
18000,0.000291546
21600,0.000185846
25200,2.53e-05
28800,1.11e-08
32400,1e-10
36000,7.48e-09
39600,3.5e-09
43200,1e-10
46800,1e-10
50400,1e-10
54000,3.32e-09
57600,1e-10
61200,1e-10
64800,2.19e-09
68400,1.99e-08
72000,1.41e-05
75600,9.09e-05
79200,0.000139542
82800,0.000334193
86400,0.000402345
90000,0.000452706
93600,0.000417921
97200,0.000418127
100800,0.000356741
104400,0.000291546
108000,0.000185846
111600,2.53e-05
115200,1.11e-08
118800,1e-10
122400,7.48e-09
126000,3.5e-09
129600,1e-10
133200,1e-10
136800,1e-10
140400,3.32e-09
144000,1e-10
147600,1e-10
151200,2.19e-09
154800,1.99e-08
158400,1.41e-05
162000,9.09e-05
165600,0.000139542
169200,0.000334193
172800,0.000402345
176400,0.000452706
180000,0.000417921
183600,0.000418127
187200,0.000356741
190800,0.000291546
194400,0.000185846
198000,2.53e-05
201600,1.11e-08
205200,1e-10
208800,7.48e-09
212400,3.5e-09
216000,1e-10
219600,1e-10
223200,1e-10
226800,3.32e-09
230400,1e-10
234000,1e-10
237600,2.19e-09
241200,1.99e-08
244800,1.41e-05
248400,9.09e-05
252000,0.000139542
255600,0.000334193
259200,0.000402345
262800,0.000452706
266400,0.000417921
270000,0.000418127
273600,0.000356741
277200,0.000291546
280800,0.000185846
284400,2.53e-05
288000,1.11e-08
291600,1e-10
295200,7.48e-09
298800,3.5e-09
302400,1e-10
306000,1e-10
309600,1e-10
313200,3.32e-09
316800,1e-10
320400,1e-10
324000,2.19e-09
327600,1.99e-08
331200,1.41e-05
334800,9.09e-05
338400,0.000139542
342000,0.000334193
345600,0.000402345
349200,0.000452706
352800,0.000417921
356400,0.000418127
360000,0.000356741
363600,0.000291546
367200,0.000185846
370800,2.53e-05
374400,1.11e-08
378000,1e-10
381600,7.48e-09
385200,3.5e-09
388800,4.75e-09
392400,1.86e-09
396000,2.91e-09
399600,2.72e-09
403200,1.45e-09
406800,1e-10
410400,3e-09
414000,2.82e-08
417600,2.22e-05
421200,0.000154969
424800,0.000310453
428400,0.000370136
432000,0.000371694
435600,0.000441343
439200,0.000426951
442800,0.000352295
446400,0.000212688
450000,0.000174158
453600,7.96e-05
457200,9.58e-06
460800,3.88e-09
464400,3.2e-09
468000,5.6e-09
471600,2.64e-09
475200,5.61e-09
478800,7.88e-09
482400,4.07e-09
486000,1.01e-08
489600,1e-10
493200,2e-09
496800,1e-10
500400,1.52e-08
504000,1.18e-05
507600,6.19e-05
511200,0.000222426
514800,0.000262281
518400,0.000372165
522000,0.00041687
525600,0.000451186
529200,0.000426868
532800,0.000365942
536400,0.000337953
540000,0.000217247
543600,3.05e-05
547200,1.87e-08
550800,1e-10
554400,5.07e-09
558000,7.45e-09
561600,4.08e-09
565200,5.09e-09
568800,6.44e-09
572400,1.32e-09
576000,4.34e-09
579600,2.82e-10
583200,4.15e-09
586800,6.8e-08
590400,4.98e-05
594000,0.000178816
597600,0.000343426
601200,0.000338787
604800,0.000446394
608400,0.000473674
612000,0.000463685
615600,0.000379409
619200,0.000378555
622800,0.000277674
626400,0.000203438
630000,2.34e-05
633600,6.27e-09
637200,1e-10
640800,1e-10
644400,5.22e-09
648000,3.37e-09
651600,1.54e-09
655200,2.52e-09
658800,6.21e-09
662400,1.18e-09
666000,3.93e-09
669600,7.58e-10
673200,3.59e-08
676800,2.99e-05
680400,0.000141408
684000,0.000225518
687600,0.000226256
691200,0.000282423
694800,0.000301254
698400,0.000322909
702000,0.000299281
705600,0.000276752
709200,0.000142016
712800,9.72e-05
716400,9.76e-06
720000,5.88e-09
723600,5.73e-09
727200,1e-10
730800,4.91e-09
734400,5.67e-09
738000,8.44e-10
741600,1e-10
745200,3.3e-09
748800,3.28e-09
752400,9.43e-10
756000,8.66e-09
759600,1.03e-08
763200,7.66e-06
766800,5.15e-05
770400,8.44e-05
774000,0.000140971
777600,0.000195214
781200,0.000261919
784800,0.000336964
788400,0.000122828
792000,0.000106275
795600,7.94e-05
799200,3.16e-05
802800,6.46e-06
806400,9.49e-09
810000,2.3e-09
813600,8.93e-10
817200,4.47e-09
820800,6.41e-09
824400,3.67e-09
828000,4.13e-09
831600,7.26e-09
835200,3.9e-09
838800,6.96e-10
842400,1e-10
846000,2.31e-08
849600,1.51e-05
853200,0.000114444
856800,0.000383206
860400,0.000445613
864000,0.000466175
867600,0.000467505
871200,0.000455635
874800,0.00043372
878400,0.000408149
882000,0.000274012
885600,0.000141196
889200,2.34e-05
892800,1.9e-08
896400,1.15e-09
9e+05,3.9e-09
903600,3.84e-09
907200,5.58e-09
910800,1e-10
914400,2.82e-09
918000,9.2e-09
921600,7.69e-09
925200,4.05e-09
928800,2.47e-09
932400,8.69e-08
936000,3.69e-05
939600,0.00018153
943200,0.000346682
946800,0.000410066
950400,0.000441616
954000,0.000456237
957600,0.000456889
961200,0.000385113
964800,0.000402584
968400,0.000260543
972000,0.00018489
975600,3.09e-05
979200,2.26e-08
982800,3.11e-10
986400,6.90692307692308e-10
990000,3.11384615384615e-09
993600,3.19857142857143e-09
997200,1.41235714285714e-09
1000800,2.257e-09
1004400,3.76514285714286e-09
1008000,1.10720714285714e-09
1011600,1.062e-09
1015200,1.66702857142857e-09
1018800,7.19e-08
1022400,2.304e-05
1026000,0.000118919571428571
1029600,0.000228894142857143
1033200,0.000331750214285714
1036800,0.000382343857142857
1040400,0.000411812142857143
1044000,0.000413060285714286
1047600,0.000368280857142857
1051200,0.000321618285714286
1054800,0.000218985714285714
1058400,0.000123556285714286
1062000,1.90571428571429e-05
1065600,1.33207142857143e-08
1069200,6.055e-10
1072800,6.90692307692308e-10
1076400,3.11384615384615e-09
1080000,3.19857142857143e-09
1083600,1.41235714285714e-09
1087200,2.257e-09
1090800,3.76514285714286e-09
1094400,1.10720714285714e-09
1098000,1.062e-09
1101600,1.66702857142857e-09
1105200,7.19e-08
1108800,2.304e-05
1112400,0.000118919571428571
1116000,0.000228894142857143
1119600,0.000331750214285714
1123200,0.000382343857142857
1126800,0.000411812142857143
1130400,0.000413060285714286
1134000,0.000368280857142857
1137600,0.000321618285714286
1141200,0.000218985714285714
1144800,0.000123556285714286
1148400,1.90571428571429e-05
1152000,1.33207142857143e-08
1155600,6.055e-10
1159200,6.90692307692308e-10
1162800,3.11384615384615e-09
1166400,3.19857142857143e-09
1170000,1.41235714285714e-09
1173600,2.257e-09
1177200,3.76514285714286e-09
1180800,1.10720714285714e-09
1184400,1.062e-09
1188000,1.66702857142857e-09
1191600,7.19e-08
1195200,2.304e-05
1198800,0.000118919571428571
1202400,0.000228894142857143
1206000,0.000331750214285714
1209600,0.000382343857142857
1213200,0.000411812142857143
1216800,0.000413060285714286
1220400,0.000368280857142857
1224000,0.000321618285714286
1227600,0.000218985714285714
1231200,0.000123556285714286
1234800,1.90571428571429e-05
1238400,1.33207142857143e-08
1242000,6.055e-10
1245600,6.90692307692308e-10
1249200,3.11384615384615e-09
1252800,3.19857142857143e-09
1256400,1.41235714285714e-09
1260000,2.257e-09
1263600,3.76514285714286e-09
1267200,1.10720714285714e-09
1270800,1.062e-09
1274400,1.66702857142857e-09
1278000,7.19e-08
1281600,2.304e-05
1285200,0.000118919571428571
1288800,0.000228894142857143
1292400,0.000331750214285714
1296000,0.000382343857142857
1299600,0.000411812142857143
1303200,0.000413060285714286
1306800,0.000368280857142857
1310400,0.000321618285714286
1314000,0.000218985714285714
1317600,0.000123556285714286
1321200,1.90571428571429e-05
1324800,1.33207142857143e-08
1328400,6.055e-10
1332000,6.90692307692308e-10
1335600,3.11384615384615e-09
1339200,3.19857142857143e-09
1342800,1.41235714285714e-09
1346400,2.257e-09
1350000,3.76514285714286e-09
1353600,1.10720714285714e-09
1357200,1.062e-09
1360800,1.66702857142857e-09
1364400,7.19e-08
1368000,2.304e-05
1371600,0.000118919571428571
1375200,0.000228894142857143
1378800,0.000331750214285714
1382400,0.000382343857142857
1386000,0.000411812142857143
1389600,0.000413060285714286
1393200,0.000368280857142857
1396800,0.000321618285714286
1400400,0.000218985714285714
1404000,0.000123556285714286
1407600,1.90571428571429e-05
1411200,1.33207142857143e-08
1414800,6.055e-10
1418400,6.90692307692308e-10
1422000,3.11384615384615e-09
1425600,3.19857142857143e-09
1429200,1.41235714285714e-09
1432800,2.257e-09
1436400,3.76514285714286e-09
1440000,1.10720714285714e-09
1443600,1.062e-09
1447200,1.66702857142857e-09
1450800,7.19e-08
1454400,2.304e-05
1458000,0.000118919571428571
1461600,0.000228894142857143
1465200,0.000331750214285714
1468800,0.000382343857142857
1472400,0.000411812142857143
1476000,0.000413060285714286
1479600,0.000368280857142857
1483200,0.000321618285714286
1486800,0.000218985714285714
1490400,0.000123556285714286
1494000,1.90571428571429e-05
1497600,1.33207142857143e-08
1501200,6.055e-10
1504800,6.90692307692308e-10
1508400,3.11384615384615e-09
1512000,1e-10
1515600,1e-10
1519200,1e-10
1522800,1e-10
1526400,1e-10
1530000,1e-10
1533600,1e-10
1537200,5.72e-08
1540800,1.9e-05
1544400,0.000127432
1548000,0.000111176
1551600,0.000223724
1555200,0.00031728
1558800,0.000417448
1562400,0.000393544
1566000,0.000320916
1569600,0.000192368
1573200,9.65e-05
1576800,6.18e-05
1580400,1.03e-05
1584000,1.76e-09
1587600,1e-10
1591200,1e-10
1594800,3.09e-10
1598400,3.47e-09
1602000,1e-10
1605600,5.1e-09
1609200,3.42e-10
1612800,2.17e-09
1616400,3.54e-09
1620000,1.31e-09
1623600,5.74e-08
1627200,1.65e-05
1630800,6.13e-05
1634400,9.94e-05
1638000,0.000353365
1641600,0.00043333
1645200,0.000330171
1648800,0.000436875
1652400,0.000391505
1656000,0.00032774
1659600,0.000163584
1663200,5.83e-05
1666800,9.1e-06
1670400,9.81e-09
1674000,3.4e-09
1677600,1e-10
1681200,3.91e-10
1684800,2.15e-09
1688400,1e-10
1692000,6.31e-09
1695600,4.66e-09
1699200,1e-10
1702800,7.84e-10
1706400,1e-10
1710000,3.05e-08
1713600,9e-06
1717200,7.56e-05
1720800,0.000194589
1724400,0.000364713
1728000,0.000331769
1731600,0.00041277
1735200,0.000266069
1738800,0.000383755
1742400,0.000375169
1746000,0.000277514
1749600,0.000107231
1753200,2.01e-05
1756800,1.68e-08
1760400,4.28e-09
1764000,1.74e-09
1767600,2.35e-09
1771200,4.53e-10
1774800,1.92e-09
1778400,2.09e-09
1782000,1e-10
1785600,1.58e-09
1789200,2.66e-09
1792800,1e-10
1796400,1.67e-07
1800000,3.41e-05
1803600,0.000189284
1807200,0.000285077
1810800,0.000392443
1814400,0.000444769
1818000,0.000444875
1821600,0.000449813
1825200,0.000415002
1828800,0.000378994
1832400,0.000201705
1836000,0.000104512
1839600,1.62e-05
1843200,7.6e-09
1846800,4.91e-10
1850400,3.41e-09
1854000,3.16e-09
1857600,3.3e-09
1861200,4.77e-09
1864800,7.38e-10
1868400,5.11e-09
1872000,1e-10
1875600,5.63e-09
1879200,3.77e-09
1882800,1.11e-07
1886400,1.74e-05
1890000,7.83e-05
1893600,0.000211177
1897200,0.000383097
1900800,0.000424079
1904400,0.000431811
1908000,0.000440057
1911600,0.000383747
1915200,0.000307961
1918800,0.00016884
1922400,6.54e-05
1926000,9.7e-06
1929600,2.16e-08
1933200,2.73e-09
1936800,1e-10
1940400,5.83e-09
1944000,2.72e-09
1947600,1e-10
1951200,5.82e-09
1954800,5.26e-09
1958400,1e-10
1962000,1e-10
1965600,2.26e-09
1969200,2.96e-07
1972800,3.91e-05
1976400,0.000157491
1980000,0.000247446
1983600,0.000398858
1987200,0.000423561
1990800,0.000456787
1994400,0.000464346
1998000,0.000443366
2001600,0.000412738
2005200,0.000320355
2008800,0.000191528
2012400,4.21e-05
2016000,3.2e-08
2019600,1e-10
2023200,1e-10
2026800,1e-10
