0,0.000439987
3600,0.000497775
7200,0.000470072
10800,0.000455873
14400,0.000366598
18000,0.000256212
21600,0.000119733
25200,1.62e-05
28800,1.51e-08
32400,1e-10
36000,2.08e-08
39600,9.88e-09
43200,1e-10
46800,1e-10
50400,1e-10
54000,9.23e-09
57600,1e-10
61200,1e-10
64800,6.7e-09
68400,2.89e-08
72000,1.22e-05
75600,9.48e-05
79200,0.000143581
82800,0.000336825
86400,0.000439987
90000,0.000497775
93600,0.000470072
97200,0.000455873
100800,0.000366598
104400,0.000256212
108000,0.000119733
111600,1.62e-05
115200,1.51e-08
118800,1e-10
122400,2.08e-08
126000,9.88e-09
129600,1e-10
133200,1e-10
136800,1e-10
140400,9.23e-09
144000,1e-10
147600,1e-10
151200,6.7e-09
154800,2.89e-08
158400,1.22e-05
162000,9.48e-05
165600,0.000143581
169200,0.000336825
172800,0.000439987
176400,0.000497775
180000,0.000470072
183600,0.000455873
187200,0.000366598
190800,0.000256212
194400,0.000119733
198000,1.62e-05
201600,1.51e-08
205200,1e-10
208800,2.08e-08
212400,9.88e-09
216000,1e-10
219600,1e-10
223200,1e-10
226800,9.23e-09
230400,1e-10
234000,1e-10
237600,6.7e-09
241200,2.89e-08
244800,1.22e-05
248400,9.48e-05
252000,0.000143581
255600,0.000336825
259200,0.000439987
262800,0.000497775
266400,0.000470072
270000,0.000455873
273600,0.000366598
277200,0.000256212
280800,0.000119733
284400,1.62e-05
288000,1.51e-08
291600,1e-10
295200,2.08e-08
298800,9.88e-09
302400,1e-10
306000,1e-10
309600,1e-10
313200,9.23e-09
316800,1e-10
320400,1e-10
324000,6.7e-09
327600,2.89e-08
331200,1.22e-05
334800,9.48e-05
338400,0.000143581
342000,0.000336825
345600,0.000439987
349200,0.000497775
352800,0.000470072
356400,0.000455873
360000,0.000366598
363600,0.000256212
367200,0.000119733
370800,1.62e-05
374400,1.51e-08
378000,1e-10
381600,2.08e-08
385200,9.88e-09
388800,1.31e-08
392400,5.35e-09
396000,8.37e-09
399600,7.6e-09
403200,4.92e-09
406800,1.57e-10
410400,9.26e-09
414000,2.16e-08
417600,2.17e-05
421200,0.000119921
424800,0.000253834
428400,0.000349403
432000,0.000393652
435600,0.000469381
439200,0.000450529
442800,0.00036609
446400,0.000233298
450000,0.000173321
453600,7.43e-05
457200,1.07e-05
460800,7.29e-09
464400,9.17e-09
468000,1.62e-08
471600,7.94e-09
475200,1.56e-08
478800,2.18e-08
482400,1.1e-08
486000,2.82e-08
489600,1e-10
493200,6.38e-09
496800,1.07e-09
500400,3.17e-08
504000,1.48e-05
507600,7.34e-05
511200,0.000209213
514800,0.000282963
518400,0.00041534
522000,0.000462321
525600,0.00048561
529200,0.000447809
532800,0.000372552
536400,0.000289418
540000,0.000134445
543600,1.83e-05
547200,3.19e-08
550800,1e-10
554400,1.41e-08
558000,2.05e-08
561600,1.14e-08
565200,1.37e-08
568800,1.77e-08
572400,3.62e-09
576000,1.26e-08
579600,1.79e-09
583200,1.24e-08
586800,4.48e-08
590400,2.77e-05
594000,0.000145553
597600,0.000310708
601200,0.000378176
604800,0.00050038
608400,0.000551434
612000,0.000534244
615600,0.000459731
619200,0.000420764
622800,0.000280805
626400,0.00014934
630000,2.07e-05
633600,1.43e-08
637200,1e-10
640800,1e-10
644400,1.48e-08
648000,9.76e-09
651600,4.68e-09
655200,7.01e-09
658800,1.69e-08
662400,3.46e-09
666000,1.06e-08
669600,2.4e-09
673200,5.36e-08
676800,2.81e-05
680400,0.000131974
684000,0.000232931
687600,0.000264294
691200,0.000333311
694800,0.000357921
698400,0.00038193
702000,0.000344209
705600,0.000314215
709200,0.000163752
712800,9.79e-05
716400,1.35e-05
720000,1.59e-08
723600,1.52e-08
727200,1e-10
730800,1.4e-08
734400,1.61e-08
738000,3.01e-09
741600,1e-10
745200,9.88e-09
748800,9.33e-09
752400,2.45e-09
756000,2.4e-08
759600,2.8e-08
763200,1.03e-05
766800,6.12e-05
770400,0.000101708
774000,0.000168712
777600,0.000234719
781200,0.000306749
784800,0.000389716
788400,0.00015218
792000,0.000130722
795600,9.68e-05
799200,3.83e-05
802800,8.12e-06
806400,2.46e-08
810000,6.48e-09
813600,3.28e-09
817200,1.26e-08
820800,1.8e-08
824400,1.03e-08
828000,1.19e-08
831600,2e-08
835200,1.19e-08
838800,3.08e-09
842400,1e-10
846000,5.51e-08
849600,2.06e-05
853200,0.000121974
856800,0.000355398
860400,0.00047908
864000,0.000537429
867600,0.000559593
871200,0.000545114
874800,0.0005136
878400,0.000451817
882000,0.000290558
885600,0.000128297
889200,1.95e-05
892800,3.86e-08
896400,3.34e-09
9e+05,1.11e-08
903600,1.06e-08
907200,1.54e-08
910800,1e-10
914400,8.61e-09
918000,2.49e-08
921600,2.12e-08
925200,1.19e-08
928800,7.86e-09
932400,1e-07
936000,2.48e-05
939600,0.00015708
943200,0.000332293
946800,0.000451645
950400,0.00051645
954000,0.000542025
957600,0.00054443
961200,0.000468351
964800,0.000439455
968400,0.000265246
972000,0.000134281
975600,2.11e-05
979200,4.77e-08
982800,1.18e-09
986400,2.19615384615385e-09
990000,8.74592307692308e-09
993600,9.01621428571428e-09
997200,4.06192857142857e-09
1000800,6.35428571428571e-09
1004400,1.04228571428571e-08
1008000,3.50014285714286e-09
1011600,3.34978571428571e-09
1015200,5.28314285714286e-09
1018800,7.3e-08
1022400,2.02e-05
1026000,0.000108177857142857
1029600,0.000220469642857143
1033200,0.000341389928571429
1036800,0.000419475571428571
1040400,0.0004598565
1044000,0.000460482
1047600,0.000406239071428571
1051200,0.000338922214285714
1054800,0.000213896642857143
1058400,9.89775714285714e-05
1062000,1.55921428571429e-05
1065600,2.33514285714286e-08
1069200,1.98428571428571e-09
1072800,2.19615384615385e-09
1076400,8.74592307692308e-09
1080000,9.01621428571428e-09
1083600,4.06192857142857e-09
1087200,6.35428571428571e-09
1090800,1.04228571428571e-08
1094400,3.50014285714286e-09
1098000,3.34978571428571e-09
1101600,5.28314285714286e-09
1105200,7.3e-08
1108800,2.02e-05
1112400,0.000108177857142857
1116000,0.000220469642857143
1119600,0.000341389928571429
1123200,0.000419475571428571
1126800,0.0004598565
1130400,0.000460482
1134000,0.000406239071428571
1137600,0.000338922214285714
1141200,0.000213896642857143
1144800,9.89775714285714e-05
1148400,1.55921428571429e-05
1152000,2.33514285714286e-08
1155600,1.98428571428571e-09
1159200,2.19615384615385e-09
1162800,8.74592307692308e-09
1166400,9.01621428571428e-09
1170000,4.06192857142857e-09
1173600,6.35428571428571e-09
1177200,1.04228571428571e-08
1180800,3.50014285714286e-09
1184400,3.34978571428571e-09
1188000,5.28314285714286e-09
1191600,7.3e-08
1195200,2.02e-05
1198800,0.000108177857142857
1202400,0.000220469642857143
1206000,0.000341389928571429
1209600,0.000419475571428571
1213200,0.0004598565
1216800,0.000460482
1220400,0.000406239071428571
1224000,0.000338922214285714
1227600,0.000213896642857143
1231200,9.89775714285714e-05
1234800,1.55921428571429e-05
1238400,2.33514285714286e-08
1242000,1.98428571428571e-09
1245600,2.19615384615385e-09
1249200,8.74592307692308e-09
1252800,9.01621428571428e-09
1256400,4.06192857142857e-09
1260000,6.35428571428571e-09
1263600,1.04228571428571e-08
1267200,3.50014285714286e-09
1270800,3.34978571428571e-09
1274400,5.28314285714286e-09
1278000,7.3e-08
1281600,2.02e-05
1285200,0.000108177857142857
1288800,0.000220469642857143
1292400,0.000341389928571429
1296000,0.000419475571428571
1299600,0.0004598565
1303200,0.000460482
1306800,0.000406239071428571
1310400,0.000338922214285714
1314000,0.000213896642857143
1317600,9.89775714285714e-05
1321200,1.55921428571429e-05
1324800,2.33514285714286e-08
1328400,1.98428571428571e-09
1332000,2.19615384615385e-09
1335600,8.74592307692308e-09
1339200,9.01621428571428e-09
1342800,4.06192857142857e-09
1346400,6.35428571428571e-09
1350000,1.04228571428571e-08
1353600,3.50014285714286e-09
1357200,3.34978571428571e-09
1360800,5.28314285714286e-09
1364400,7.3e-08
1368000,2.02e-05
1371600,0.000108177857142857
1375200,0.000220469642857143
1378800,0.000341389928571429
1382400,0.000419475571428571
1386000,0.0004598565
1389600,0.000460482
1393200,0.000406239071428571
1396800,0.000338922214285714
1400400,0.000213896642857143
1404000,9.89775714285714e-05
1407600,1.55921428571429e-05
1411200,2.33514285714286e-08
1414800,1.98428571428571e-09
1418400,2.19615384615385e-09
1422000,8.74592307692308e-09
1425600,9.01621428571428e-09
1429200,4.06192857142857e-09
1432800,6.35428571428571e-09
1436400,1.04228571428571e-08
1440000,3.50014285714286e-09
1443600,3.34978571428571e-09
1447200,5.28314285714286e-09
1450800,7.3e-08
1454400,2.02e-05
1458000,0.000108177857142857
1461600,0.000220469642857143
1465200,0.000341389928571429
1468800,0.000419475571428571
1472400,0.0004598565
1476000,0.000460482
1479600,0.000406239071428571
1483200,0.000338922214285714
1486800,0.000213896642857143
1490400,9.89775714285714e-05
1494000,1.55921428571429e-05
1497600,2.33514285714286e-08
1501200,1.98428571428571e-09
1504800,2.19615384615385e-09
1508400,8.74592307692308e-09
1512000,1e-10
1515600,1e-10
1519200,1e-10
1522800,1e-10
1526400,4.25e-10
1530000,1e-10
1533600,1e-10
1537200,5.89e-08
1540800,2.03e-05
1544400,9.55e-05
1548000,0.000104474
1551600,0.000206692
1555200,0.000338359
1558800,0.000440058
1562400,0.000412048
1566000,0.000339652
1569600,0.000203459
1573200,0.000104344
1576800,5.91e-05
1580400,1.11e-05
1584000,1e-10
1587600,1e-10
1591200,1e-10
1594800,9e-10
1598400,9.52e-09
1602000,1e-10
1605600,1.36e-08
1609200,1.23e-09
1612800,5.86e-09
1616400,9.28e-09
1620000,3.52e-09
1623600,7.6e-08
1627200,1.16e-05
1630800,5.93e-05
1634400,0.000116688
1638000,0.000351048
1641600,0.000444878
1645200,0.000358446
1648800,0.000469414
1652400,0.000411205
1656000,0.000328217
1659600,0.000168202
1663200,5.99e-05
1666800,9.17e-06
1670400,1.68e-08
1674000,9.23e-09
1677600,1e-10
1681200,9.87e-10
1684800,5.83e-09
1688400,1e-10
1692000,1.68e-08
1695600,1.25e-08
1699200,1e-10
1702800,2.21e-09
1706400,1e-10
1710000,3.94e-08
1713600,1.23e-05
1717200,8.67e-05
1720800,0.000186706
1724400,0.000340221
1728000,0.00034906
1731600,0.000426287
1735200,0.000286484
1738800,0.000388688
1742400,0.000358612
1746000,0.000236686
1749600,8.57e-05
1753200,1.59e-05
1756800,2.32e-08
1760400,1.16e-08
1764000,4.48e-09
1767600,6.36e-09
1771200,1.57e-09
1774800,5.31e-09
1778400,5.42e-09
1782000,1e-10
1785600,4.17e-09
1789200,7.17e-09
1792800,1e-10
1796400,1.54e-07
1800000,2.48e-05
1803600,0.000134349
1807200,0.000250376
1810800,0.00037432
1814400,0.000452154
1818000,0.000475819
1821600,0.00047238
1825200,0.00043138
1828800,0.000365051
1832400,0.000188909
1836000,8.67e-05
1839600,1.71e-05
1843200,1.56e-08
1846800,9e-10
1850400,8.85e-09
1854000,8.33e-09
1857600,8.99e-09
1861200,1.25e-08
1864800,2.26e-09
1868400,1.33e-08
1872000,1e-10
1875600,1.49e-08
1879200,1.04e-08
1882800,1.32e-07
1886400,2.06e-05
1890000,9.08e-05
1893600,0.000220358
1897200,0.000377465
1900800,0.000444554
1904400,0.000468609
1908000,0.000468873
1911600,0.000397975
1915200,0.000315135
1918800,0.000169818
1922400,6.93e-05
1926000,1.23e-05
1929600,4.09e-08
1933200,8.33e-09
1936800,1e-10
1940400,1.57e-08
1944000,7.41e-09
1947600,1e-10
1951200,1.57e-08
1954800,1.43e-08
1958400,1e-10
1962000,1e-10
1965600,7.62e-09
1969200,1.98e-07
1972800,3.3e-05
1976400,0.000141939
1980000,0.000268307
1983600,0.000418615
1987200,0.000472385
1990800,0.000521573
1994400,0.000535904
1998000,0.000510604
2001600,0.000445016
2005200,0.000310482
2008800,0.00014839
2012400,2.46e-05
2016000,3.64e-08
2019600,1e-10
2023200,1e-10
2026800,1e-10
