0,2.42e-07
3600,3.45e-07
7200,3.44e-07
10800,3.14e-07
14400,2.23e-07
18000,1.23e-07
21600,3.75e-08
25200,3.01e-09
28800,8.52e-12
32400,1e-10
36000,4.72e-12
39600,2.35e-12
43200,4.42e-13
46800,1e-10
50400,1e-10
54000,2.51e-12
57600,4.33e-13
61200,1e-10
64800,1.88e-12
68400,3.57e-12
72000,8.32e-10
75600,9.18e-09
79200,2.75e-08
82800,1.21e-07
86400,2.42e-07
90000,3.45e-07
93600,3.44e-07
97200,3.14e-07
100800,2.23e-07
104400,1.23e-07
108000,3.75e-08
111600,3.01e-09
115200,8.52e-12
118800,1e-10
122400,4.72e-12
126000,2.35e-12
129600,4.42e-13
133200,1e-10
136800,1e-10
140400,2.51e-12
144000,4.33e-13
147600,1e-10
151200,1.88e-12
154800,3.57e-12
158400,8.32e-10
162000,9.18e-09
165600,2.75e-08
169200,1.21e-07
172800,2.42e-07
176400,3.45e-07
180000,3.44e-07
183600,3.14e-07
187200,2.23e-07
190800,1.23e-07
194400,3.75e-08
198000,3.01e-09
201600,8.52e-12
205200,1e-10
208800,4.72e-12
212400,2.35e-12
216000,4.42e-13
219600,1e-10
223200,1e-10
226800,2.51e-12
230400,4.33e-13
234000,1e-10
237600,1.88e-12
241200,3.57e-12
244800,8.32e-10
248400,9.18e-09
252000,2.75e-08
255600,1.21e-07
259200,2.42e-07
262800,3.45e-07
266400,3.44e-07
270000,3.14e-07
273600,2.23e-07
277200,1.23e-07
280800,3.75e-08
284400,3.01e-09
288000,8.52e-12
291600,1e-10
295200,4.72e-12
298800,2.35e-12
302400,4.42e-13
306000,1e-10
309600,1e-10
313200,2.51e-12
316800,4.33e-13
320400,1e-10
324000,1.88e-12
327600,3.57e-12
331200,8.32e-10
334800,9.18e-09
338400,2.75e-08
342000,1.21e-07
345600,2.42e-07
349200,3.45e-07
352800,3.44e-07
356400,3.14e-07
360000,2.23e-07
363600,1.23e-07
367200,3.75e-08
370800,3.01e-09
374400,8.52e-12
378000,1e-10
381600,4.72e-12
385200,2.35e-12
388800,3.13e-12
392400,1.42e-12
396000,2.45e-12
399600,1.98e-12
403200,1.52e-12
406800,3.92e-13
410400,2.27e-12
414000,2.22e-13
417600,1.46e-09
421200,1.1e-08
424800,4.55e-08
428400,1.23e-07
432000,2.12e-07
435600,3.19e-07
439200,3.2e-07
442800,2.45e-07
446400,1.42e-07
450000,8.61e-08
453600,2.51e-08
457200,2.09e-09
460800,4.01e-12
464400,5.23e-12
468000,3.66e-12
471600,1.88e-12
475200,3.85e-12
478800,4.97e-12
482400,2.75e-12
486000,6.32e-12
489600,1e-10
493200,1.82e-12
496800,6.83e-13
500400,3.26e-12
504000,1.02e-09
507600,7.41e-09
511200,3.92e-08
514800,1.05e-07
518400,2.31e-07
522000,3.23e-07
525600,3.52e-07
529200,3.08e-07
532800,2.28e-07
536400,1.4e-07
540000,4.25e-08
543600,3.42e-09
547200,1.8e-11
550800,1e-10
554400,3.41e-12
558000,4.55e-12
561600,2.69e-12
565200,3.36e-12
568800,3.93e-12
572400,1.16e-12
576000,3.01e-12
579600,7.12e-13
583200,3.08e-12
586800,2.31e-12
590400,1.82e-09
594000,1.36e-08
597600,5.78e-08
601200,1.4e-07
604800,2.78e-07
608400,3.9e-07
612000,3.97e-07
615600,3.28e-07
619200,2.64e-07
622800,1.4e-07
626400,4.82e-08
630000,3.89e-09
633600,5.31e-12
637200,4.44e-13
640800,1e-10
644400,3.57e-12
648000,2.29e-12
651600,1.17e-12
655200,1.89e-12
658800,3.94e-12
662400,1.12e-12
666000,2.6e-12
669600,8.95e-13
673200,4.83e-12
676800,1.9e-09
680400,1.27e-08
684000,4.42e-08
687600,1.01e-07
691200,1.91e-07
694800,2.53e-07
698400,2.89e-07
702000,2.44e-07
705600,2.01e-07
709200,8.72e-08
712800,3.38e-08
716400,2.7e-09
720000,9.49e-12
723600,5.58e-12
727200,1e-10
730800,3.3e-12
734400,3.78e-12
738000,1.34e-12
741600,1e-10
745200,2.56e-12
748800,2.26e-12
752400,9.21e-13
756000,5.48e-12
759600,3.45e-12
763200,7.52e-10
766800,6.32e-09
770400,2.05e-08
774000,6.42e-08
777600,1.31e-07
781200,2.11e-07
784800,2.86e-07
788400,1.05e-07
792000,8.22e-08
795600,5.13e-08
799200,1.39e-08
802800,1.62e-09
806400,1.47e-11
810000,2.81e-12
813600,1.06e-12
817200,3.19e-12
820800,3.99e-12
824400,2.56e-12
828000,2.79e-12
831600,4.48e-12
835200,2.75e-12
838800,1.01e-12
842400,1e-10
846000,5.99e-12
849600,1.48e-09
853200,1.21e-08
856800,6.53e-08
860400,1.72e-07
864000,2.95e-07
867600,3.87e-07
871200,3.93e-07
874800,3.51e-07
878400,2.7e-07
882000,1.41e-07
885600,4.08e-08
889200,3.62e-09
892800,2.33e-11
896400,1.69e-12
9e+05,2.38e-12
903600,2.55e-12
907200,3.46e-12
910800,9.25e-15
914400,2.09e-12
918000,5.64e-12
921600,4.92e-12
925200,3.04e-12
928800,1.94e-12
932400,7.88e-12
936000,1.67e-09
939600,1.45e-08
943200,6.2e-08
946800,1.63e-07
950400,2.83e-07
954000,3.74e-07
957600,3.95e-07
961200,3.24e-07
964800,2.63e-07
968400,1.3e-07
972000,4.12e-08
975600,3.76e-09
979200,2.92e-11
982800,1e-10
986400,7.75538461538462e-13
990000,2.19907692307692e-12
993600,2.23642857142857e-12
997200,1.25682735714286e-12
1000800,1.69357142857143e-12
1004400,2.57542857142857e-12
1008000,1.14735714285714e-12
1011600,1.08164285714286e-12
1015200,1.512e-12
1018800,5.003e-12
1022400,1.40792857142857e-09
1026000,1.05014285714286e-08
1029600,3.74785714285714e-08
1033200,1.12392857142857e-07
1036800,2.15214285714286e-07
1040400,3.05357142857143e-07
1044000,3.31071428571429e-07
1047600,2.83571428571429e-07
1051200,2.10228571428571e-07
1054800,1.05228571428571e-07
1058400,3.17071428571429e-08
1062000,2.81428571428571e-09
1065600,9.76571428571429e-12
1069200,1.19035714285714e-12
1072800,7.75538461538462e-13
1076400,2.19907692307692e-12
1080000,2.23642857142857e-12
1083600,1.25682735714286e-12
1087200,1.69357142857143e-12
1090800,2.57542857142857e-12
1094400,1.14735714285714e-12
1098000,1.08164285714286e-12
1101600,1.512e-12
1105200,5.003e-12
1108800,1.40792857142857e-09
1112400,1.05014285714286e-08
1116000,3.74785714285714e-08
1119600,1.12392857142857e-07
1123200,2.15214285714286e-07
1126800,3.05357142857143e-07
1130400,3.31071428571429e-07
1134000,2.83571428571429e-07
1137600,2.10228571428571e-07
1141200,1.05228571428571e-07
1144800,3.17071428571429e-08
1148400,2.81428571428571e-09
1152000,9.76571428571429e-12
1155600,1.19035714285714e-12
1159200,7.75538461538462e-13
1162800,2.19907692307692e-12
1166400,2.23642857142857e-12
1170000,1.25682735714286e-12
1173600,1.69357142857143e-12
1177200,2.57542857142857e-12
1180800,1.14735714285714e-12
1184400,1.08164285714286e-12
1188000,1.512e-12
1191600,5.003e-12
1195200,1.40792857142857e-09
1198800,1.05014285714286e-08
1202400,3.74785714285714e-08
1206000,1.12392857142857e-07
1209600,2.15214285714286e-07
1213200,3.05357142857143e-07
1216800,3.31071428571429e-07
1220400,2.83571428571429e-07
1224000,2.10228571428571e-07
1227600,1.05228571428571e-07
1231200,3.17071428571429e-08
1234800,2.81428571428571e-09
1238400,9.76571428571429e-12
1242000,1.19035714285714e-12
1245600,7.75538461538462e-13
1249200,2.19907692307692e-12
1252800,2.23642857142857e-12
1256400,1.25682735714286e-12
1260000,1.69357142857143e-12
1263600,2.57542857142857e-12
1267200,1.14735714285714e-12
1270800,1.08164285714286e-12
1274400,1.512e-12
1278000,5.003e-12
1281600,1.40792857142857e-09
1285200,1.05014285714286e-08
1288800,3.74785714285714e-08
1292400,1.12392857142857e-07
1296000,2.15214285714286e-07
1299600,3.05357142857143e-07
1303200,3.31071428571429e-07
1306800,2.83571428571429e-07
1310400,2.10228571428571e-07
1314000,1.05228571428571e-07
1317600,3.17071428571429e-08
1321200,2.81428571428571e-09
1324800,9.76571428571429e-12
1328400,1.19035714285714e-12
1332000,7.75538461538462e-13
1335600,2.19907692307692e-12
1339200,2.23642857142857e-12
1342800,1.25682735714286e-12
1346400,1.69357142857143e-12
1350000,2.57542857142857e-12
1353600,1.14735714285714e-12
1357200,1.08164285714286e-12
1360800,1.512e-12
1364400,5.003e-12
1368000,1.40792857142857e-09
1371600,1.05014285714286e-08
1375200,3.74785714285714e-08
1378800,1.12392857142857e-07
1382400,2.15214285714286e-07
1386000,3.05357142857143e-07
1389600,3.31071428571429e-07
1393200,2.83571428571429e-07
1396800,2.10228571428571e-07
1400400,1.05228571428571e-07
1404000,3.17071428571429e-08
1407600,2.81428571428571e-09
1411200,9.76571428571429e-12
1414800,1.19035714285714e-12
1418400,7.75538461538462e-13
1422000,2.19907692307692e-12
1425600,2.23642857142857e-12
1429200,1.25682735714286e-12
1432800,1.69357142857143e-12
1436400,2.57542857142857e-12
1440000,1.14735714285714e-12
1443600,1.08164285714286e-12
1447200,1.512e-12
1450800,5.003e-12
1454400,1.40792857142857e-09
1458000,1.05014285714286e-08
1461600,3.74785714285714e-08
1465200,1.12392857142857e-07
1468800,2.15214285714286e-07
1472400,3.05357142857143e-07
1476000,3.31071428571429e-07
1479600,2.83571428571429e-07
1483200,2.10228571428571e-07
1486800,1.05228571428571e-07
1490400,3.17071428571429e-08
1494000,2.81428571428571e-09
1497600,9.76571428571429e-12
1501200,1.19035714285714e-12
1504800,7.75538461538462e-13
1508400,2.19907692307692e-12
1512000,1e-10
1515600,1e-10
1519200,1e-10
1522800,1e-10
1526400,4.94e-13
1530000,1e-10
1533600,1e-10
1537200,1.97e-12
1540800,1.43e-09
1544400,8.92e-09
1548000,1.39e-08
1551600,5.52e-08
1555200,1.55e-07
1558800,2.66e-07
1562400,2.78e-07
1566000,2.34e-07
1569600,1.27e-07
1573200,5.15e-08
1576800,1.77e-08
1580400,1.91e-09
1584000,1e-10
1587600,1e-10
1591200,1e-10
1594800,5.65e-13
1598400,2.18e-12
1602000,3.33e-16
1605600,3.29e-12
1609200,6.84e-13
1612800,1.45e-12
1616400,2.29e-12
1620000,1.02e-12
1623600,3.06e-12
1627200,7.66e-10
1630800,5.88e-09
1634400,1.77e-08
1638000,9.84e-08
1641600,1.97e-07
1645200,2.17e-07
1648800,3.2e-07
1652400,2.84e-07
1656000,2.03e-07
1659600,8.13e-08
1663200,1.99e-08
1666800,1.51e-09
1670400,3.19e-12
1674000,2.61e-12
1677600,1e-10
1681200,5.23e-13
1684800,1.5e-12
1688400,1.31e-13
1692000,3.65e-12
1695600,2.97e-12
1699200,1e-10
1702800,6.56e-13
1706400,1.73e-13
1710000,3.63e-12
1713600,9.01e-10
1717200,8.77e-09
1720800,2.63e-08
1724400,9.27e-08
1728000,1.58e-07
1731600,2.55e-07
1735200,1.94e-07
1738800,2.66e-07
1742400,2.19e-07
1746000,1.1e-07
1749600,2.62e-08
1753200,2.62e-09
1756800,5.96e-12
1760400,2.6e-12
1764000,1.33e-12
1767600,1.68e-12
1771200,6.31e-13
1774800,1.35e-12
1778400,1.32e-12
1782000,1e-10
1785600,1.49e-12
1789200,1.8e-12
1792800,1.89e-13
1796400,8.47e-12
1800000,1.69e-09
1803600,1.27e-08
1807200,3.37e-08
1810800,1.06e-07
1814400,2.08e-07
1818000,2.97e-07
1821600,3.33e-07
1825200,3.07e-07
1828800,2.29e-07
1832400,9.31e-08
1836000,2.75e-08
1839600,2.94e-09
1843200,1.52e-12
1846800,7.59e-13
1850400,2.24e-12
1854000,2.19e-12
1857600,2.21e-12
1861200,3.12e-12
1864800,7.85e-13
1868400,3.07e-12
1872000,1e-10
1875600,3.46e-12
1879200,2.67e-12
1882800,1.03e-11
1886400,1.59e-09
1890000,9.64e-09
1893600,3.23e-08
1897200,1.09e-07
1900800,2.07e-07
1904400,2.99e-07
1908000,3.37e-07
1911600,2.84e-07
1915200,2.03e-07
1918800,8.57e-08
1922400,2.32e-08
1926000,2.17e-09
1929600,1.43e-11
1933200,2.44e-12
1936800,1e-10
1940400,3.71e-12
1944000,2.01e-12
1947600,1e-10
1951200,3.61e-12
1954800,3.24e-12
1958400,1e-10
1962000,1e-10
1965600,2.1e-12
1969200,1.11e-11
1972800,2.4e-09
1976400,1.43e-08
1980000,3.88e-08
1983600,1.23e-07
1987200,2.25e-07
1990800,3.39e-07
1994400,3.97e-07
1998000,3.76e-07
2001600,2.89e-07
2005200,1.53e-07
2008800,4.64e-08
2012400,4.14e-09
2016000,5.57e-12
2019600,1e-10
2023200,1e-10
2026800,1e-10
