0,1.46e-06
3600,1.79e-06
7200,1.72e-06
10800,1.6e-06
14400,1.18e-06
18000,7.04e-07
21600,2.52e-07
25200,2.43e-08
28800,5.74e-11
32400,1e-10
36000,5.98e-11
39600,2.83e-11
43200,2.48e-12
46800,1e-10
50400,1e-10
54000,2.96e-11
57600,2.55e-12
61200,1e-10
64800,2.22e-11
68400,4.8e-11
72000,1.42e-08
75600,1.45e-07
79200,3.04e-07
82800,9.34e-07
86400,1.46e-06
90000,1.79e-06
93600,1.72e-06
97200,1.6e-06
100800,1.18e-06
104400,7.04e-07
108000,2.52e-07
111600,2.43e-08
115200,5.74e-11
118800,1e-10
122400,5.98e-11
126000,2.83e-11
129600,2.48e-12
133200,1e-10
136800,1e-10
140400,2.96e-11
144000,2.55e-12
147600,1e-10
151200,2.22e-11
154800,4.8e-11
158400,1.42e-08
162000,1.45e-07
165600,3.04e-07
169200,9.34e-07
172800,1.46e-06
176400,1.79e-06
180000,1.72e-06
183600,1.6e-06
187200,1.18e-06
190800,7.04e-07
194400,2.52e-07
198000,2.43e-08
201600,5.74e-11
205200,1e-10
208800,5.98e-11
212400,2.83e-11
216000,2.48e-12
219600,1e-10
223200,1e-10
226800,2.96e-11
230400,2.55e-12
234000,1e-10
237600,2.22e-11
241200,4.8e-11
244800,1.42e-08
248400,1.45e-07
252000,3.04e-07
255600,9.34e-07
259200,1.46e-06
262800,1.79e-06
266400,1.72e-06
270000,1.6e-06
273600,1.18e-06
277200,7.04e-07
280800,2.52e-07
284400,2.43e-08
288000,5.74e-11
291600,1e-10
295200,5.98e-11
298800,2.83e-11
302400,2.48e-12
306000,1e-10
309600,1e-10
313200,2.96e-11
316800,2.55e-12
320400,1e-10
324000,2.22e-11
327600,4.8e-11
331200,1.42e-08
334800,1.45e-07
338400,3.04e-07
342000,9.34e-07
345600,1.46e-06
349200,1.79e-06
352800,1.72e-06
356400,1.6e-06
360000,1.18e-06
363600,7.04e-07
367200,2.52e-07
370800,2.43e-08
374400,5.74e-11
378000,1e-10
381600,5.98e-11
385200,2.83e-11
388800,3.79e-11
392400,1.63e-11
396000,2.81e-11
399600,2.35e-11
403200,1.72e-11
406800,2.64e-12
410400,2.7e-11
414000,7.03e-12
417600,2.5e-08
421200,1.75e-07
424800,5.09e-07
428400,9.51e-07
432000,1.28e-06
435600,1.66e-06
439200,1.61e-06
442800,1.26e-06
446400,7.59e-07
450000,4.93e-07
453600,1.68e-07
457200,1.69e-08
460800,2.77e-11
464400,4.28e-11
468000,4.59e-11
471600,2.34e-11
475200,4.64e-11
478800,6.23e-11
482400,3.31e-11
486000,8e-11
489600,1e-10
493200,2.11e-11
496800,5.75e-12
500400,4.55e-11
504000,1.76e-08
507600,1.16e-07
511200,4.35e-07
514800,8e-07
518400,1.38e-06
522000,1.66e-06
525600,1.76e-06
529200,1.57e-06
532800,1.21e-06
536400,7.98e-07
540000,2.84e-07
543600,2.75e-08
547200,1.31e-10
550800,1e-10
554400,4.2e-11
558000,5.76e-11
561600,3.31e-11
565200,4.08e-11
568800,4.92e-11
572400,1.22e-11
576000,3.69e-11
579600,6.95e-12
583200,3.72e-11
586800,3.75e-11
590400,3.12e-08
594000,2.14e-07
597600,6.39e-07
601200,1.08e-06
604800,1.67e-06
608400,2.01e-06
612000,1.97e-06
615600,1.66e-06
619200,1.39e-06
622800,7.97e-07
626400,3.22e-07
630000,3.14e-08
633600,4.39e-11
637200,6.63e-13
640800,1e-10
644400,4.39e-11
648000,2.83e-11
651600,1.38e-11
655200,2.18e-11
658800,4.88e-11
662400,1.19e-11
666000,3.1e-11
669600,9.07e-12
673200,7.01e-11
676800,3.26e-08
680400,2e-07
684000,4.94e-07
687600,7.73e-07
691200,1.14e-06
694800,1.31e-06
698400,1.43e-06
702000,1.23e-06
705600,1.06e-06
709200,4.92e-07
712800,2.25e-07
716400,2.17e-08
720000,6.57e-11
723600,5.5e-11
727200,1e-10
730800,4.07e-11
734400,4.69e-11
738000,1.34e-11
741600,1e-10
745200,3.03e-11
748800,2.75e-11
752400,9.07e-12
756000,6.82e-11
759600,4.66e-11
763200,1.29e-08
766800,9.9e-08
770400,2.26e-07
774000,4.9e-07
777600,7.92e-07
781200,1.1e-06
784800,1.43e-06
788400,5.42e-07
792000,4.39e-07
795600,2.92e-07
799200,9.23e-08
802800,1.31e-08
806400,1.06e-10
810000,2.66e-11
813600,1.18e-11
817200,3.85e-11
820800,5.03e-11
824400,3.05e-11
828000,3.48e-11
831600,5.63e-11
835200,3.44e-11
838800,1.1e-11
842400,1e-10
846000,8.43e-11
849600,2.53e-08
853200,1.91e-07
856800,7.26e-07
860400,1.33e-06
864000,1.79e-06
867600,2.02e-06
871200,1.98e-06
874800,1.8e-06
878400,1.45e-06
882000,8.13e-07
885600,2.77e-07
889200,2.92e-08
892800,1.65e-10
896400,1.49e-11
9e+05,3.05e-11
903600,3.1e-11
907200,4.28e-11
910800,1e-10
914400,2.51e-11
918000,7.03e-11
921600,6.09e-11
925200,3.65e-11
928800,2.33e-11
932400,1.18e-10
936000,2.87e-08
939600,2.3e-07
943200,6.83e-07
946800,1.26e-06
950400,1.71e-06
954000,1.95e-06
957600,1.99e-06
961200,1.66e-06
964800,1.41e-06
968400,7.46e-07
972000,2.83e-07
975600,3.08e-08
979200,2.07e-10
982800,1.14e-12
986400,8.02e-12
990000,2.63484615384615e-11
993600,2.68028571428571e-11
997200,1.37116428571429e-11
1000800,1.9665e-11
1004400,3.102e-11
1008000,1.2425e-11
1011600,1.16035714285714e-11
1015200,1.71794642857143e-11
1018800,7.6945e-11
1022400,2.40214285714286e-08
1026000,1.65021428571429e-07
1029600,4.41214285714286e-07
1033200,9.20071428571429e-07
1036800,1.36085714285714e-06
1040400,1.63571428571429e-06
1044000,1.67571428571429e-06
1047600,1.438e-06
1051200,1.10985714285714e-06
1054800,6.08357142857143e-07
1058400,2.18021428571429e-07
1062000,2.38714285714286e-08
1065600,7.43214285714286e-11
1069200,1.03116428571429e-11
1072800,8.02e-12
1076400,2.63484615384615e-11
1080000,2.68028571428571e-11
1083600,1.37116428571429e-11
1087200,1.9665e-11
1090800,3.102e-11
1094400,1.2425e-11
1098000,1.16035714285714e-11
1101600,1.71794642857143e-11
1105200,7.6945e-11
1108800,2.40214285714286e-08
1112400,1.65021428571429e-07
1116000,4.41214285714286e-07
1119600,9.20071428571429e-07
1123200,1.36085714285714e-06
1126800,1.63571428571429e-06
1130400,1.67571428571429e-06
1134000,1.438e-06
1137600,1.10985714285714e-06
1141200,6.08357142857143e-07
1144800,2.18021428571429e-07
1148400,2.38714285714286e-08
1152000,7.43214285714286e-11
1155600,1.03116428571429e-11
1159200,8.02e-12
1162800,2.63484615384615e-11
1166400,2.68028571428571e-11
1170000,1.37116428571429e-11
1173600,1.9665e-11
1177200,3.102e-11
1180800,1.2425e-11
1184400,1.16035714285714e-11
1188000,1.71794642857143e-11
1191600,7.6945e-11
1195200,2.40214285714286e-08
1198800,1.65021428571429e-07
1202400,4.41214285714286e-07
1206000,9.20071428571429e-07
1209600,1.36085714285714e-06
1213200,1.63571428571429e-06
1216800,1.67571428571429e-06
1220400,1.438e-06
1224000,1.10985714285714e-06
1227600,6.08357142857143e-07
1231200,2.18021428571429e-07
1234800,2.38714285714286e-08
1238400,7.43214285714286e-11
1242000,1.03116428571429e-11
1245600,8.02e-12
1249200,2.63484615384615e-11
1252800,2.68028571428571e-11
1256400,1.37116428571429e-11
1260000,1.9665e-11
1263600,3.102e-11
1267200,1.2425e-11
1270800,1.16035714285714e-11
1274400,1.71794642857143e-11
1278000,7.6945e-11
1281600,2.40214285714286e-08
1285200,1.65021428571429e-07
1288800,4.41214285714286e-07
1292400,9.20071428571429e-07
1296000,1.36085714285714e-06
1299600,1.63571428571429e-06
1303200,1.67571428571429e-06
1306800,1.438e-06
1310400,1.10985714285714e-06
1314000,6.08357142857143e-07
1317600,2.18021428571429e-07
1321200,2.38714285714286e-08
1324800,7.43214285714286e-11
1328400,1.03116428571429e-11
1332000,8.02e-12
1335600,2.63484615384615e-11
1339200,2.68028571428571e-11
1342800,1.37116428571429e-11
1346400,1.9665e-11
1350000,3.102e-11
1353600,1.2425e-11
1357200,1.16035714285714e-11
1360800,1.71794642857143e-11
1364400,7.6945e-11
1368000,2.40214285714286e-08
1371600,1.65021428571429e-07
1375200,4.41214285714286e-07
1378800,9.20071428571429e-07
1382400,1.36085714285714e-06
1386000,1.63571428571429e-06
1389600,1.67571428571429e-06
1393200,1.438e-06
1396800,1.10985714285714e-06
1400400,6.08357142857143e-07
1404000,2.18021428571429e-07
1407600,2.38714285714286e-08
1411200,7.43214285714286e-11
1414800,1.03116428571429e-11
1418400,8.02e-12
1422000,2.63484615384615e-11
1425600,2.68028571428571e-11
1429200,1.37116428571429e-11
1432800,1.9665e-11
1436400,3.102e-11
1440000,1.2425e-11
1443600,1.16035714285714e-11
1447200,1.71794642857143e-11
1450800,7.6945e-11
1454400,2.40214285714286e-08
1458000,1.65021428571429e-07
1461600,4.41214285714286e-07
1465200,9.20071428571429e-07
1468800,1.36085714285714e-06
1472400,1.63571428571429e-06
1476000,1.67571428571429e-06
1479600,1.438e-06
1483200,1.10985714285714e-06
1486800,6.08357142857143e-07
1490400,2.18021428571429e-07
1494000,2.38714285714286e-08
1497600,7.43214285714286e-11
1501200,1.03116428571429e-11
1504800,8.02e-12
1508400,2.63484615384615e-11
1512000,1e-10
1515600,1e-10
1519200,1e-10
1522800,1e-10
1526400,4.05e-12
1530000,1e-10
1533600,1e-10
1537200,3.7e-11
1540800,2.43e-08
1544400,1.41e-07
1548000,1.9e-07
1551600,5.09e-07
1555200,1.06e-06
1558800,1.51e-06
1562400,1.46e-06
1566000,1.19e-06
1569600,6.7e-07
1573200,3.07e-07
1576800,1.31e-07
1580400,1.74e-08
1584000,1e-10
1587600,1e-10
1591200,1e-10
1594800,5.27e-12
1598400,2.66e-11
1602000,1e-10
1605600,4e-11
1609200,6.11e-12
1612800,1.68e-11
1616400,2.7e-11
1620000,1.11e-11
1623600,5.28e-11
1627200,1.32e-08
1630800,9.23e-08
1634400,2.31e-07
1638000,8.9e-07
1641600,1.36e-06
1645200,1.23e-06
1648800,1.67e-06
1652400,1.44e-06
1656000,1.07e-06
1659600,4.84e-07
1663200,1.42e-07
1666800,1.39e-08
1670400,3.3e-11
1674000,2.94e-11
1677600,1e-10
1681200,4.26e-12
1684800,1.72e-11
1688400,1e-10
1692000,4.57e-11
1695600,3.64e-11
1699200,1e-10
1702800,6.66e-12
1706400,1.25e-14
1710000,5.24e-11
1713600,1.53e-08
1717200,1.37e-07
1720800,3.48e-07
1724400,8.43e-07
1728000,1.08e-06
1731600,1.45e-06
1735200,1.01e-06
1738800,1.35e-06
1742400,1.15e-06
1746000,6.55e-07
1749600,1.88e-07
1753200,2.39e-08
1756800,4.94e-11
1760400,3.25e-11
1764000,1.48e-11
1767600,1.96e-11
1771200,6.46e-12
1774800,1.55e-11
1778400,1.56e-11
1782000,1e-10
1785600,1.57e-11
1789200,2.18e-11
1792800,1e-10
1796400,1.38e-10
1800000,2.88e-08
1803600,1.99e-07
1807200,4.54e-07
1810800,9.49e-07
1814400,1.41e-06
1818000,1.67e-06
1821600,1.71e-06
1825200,1.54e-06
1828800,1.2e-06
1832400,5.44e-07
1836000,1.95e-07
1839600,2.67e-08
1843200,1.66e-11
1846800,6.36e-12
1850400,2.67e-11
1854000,2.57e-11
1857600,2.66e-11
1861200,3.78e-11
1864800,8.16e-12
1868400,3.81e-11
1872000,1e-10
1875600,4.29e-11
1879200,3.23e-11
1882800,1.56e-10
1886400,2.67e-08
1890000,1.49e-07
1893600,4.24e-07
1897200,9.72e-07
1900800,1.4e-06
1904400,1.66e-06
1908000,1.71e-06
1911600,1.42e-06
1915200,1.05e-06
1918800,4.99e-07
1922400,1.64e-07
1926000,1.98e-08
1929600,1.18e-10
1933200,2.8e-11
1936800,1e-10
1940400,4.58e-11
1944000,2.34e-11
1947600,1e-10
1951200,4.47e-11
1954800,4e-11
1958400,1e-10
1962000,1e-10
1965600,2.46e-11
1969200,1.84e-10
1972800,4.05e-08
1976400,2.22e-07
1980000,5.14e-07
1983600,1.1e-06
1987200,1.52e-06
1990800,1.88e-06
1994400,2.01e-06
1998000,1.87e-06
2001600,1.5e-06
2005200,8.93e-07
2008800,3.29e-07
2012400,3.76e-08
2016000,6.66e-11
2019600,1e-10
2023200,1e-10
2026800,1e-10
