0,1.78e-06
3600,2.06e-06
7200,1.95e-06
10800,1.87e-06
14400,1.46e-06
18000,9.61e-07
21600,4.12e-07
25200,5.1e-08
28800,6.33e-11
32400,1e-10
36000,8.58e-11
39600,4.04e-11
43200,1e-10
46800,1e-10
50400,1e-10
54000,3.98e-11
57600,8.33e-14
61200,1e-10
64800,2.94e-11
68400,9.67e-11
72000,3.79e-08
75600,3.21e-07
79200,5.23e-07
82800,1.3e-06
86400,1.78e-06
90000,2.06e-06
93600,1.95e-06
97200,1.87e-06
100800,1.46e-06
104400,9.61e-07
108000,4.12e-07
111600,5.1e-08
115200,6.33e-11
118800,1e-10
122400,8.58e-11
126000,4.04e-11
129600,1e-10
133200,1e-10
136800,1e-10
140400,3.98e-11
144000,8.33e-14
147600,1e-10
151200,2.94e-11
154800,9.67e-11
158400,3.79e-08
162000,3.21e-07
165600,5.23e-07
169200,1.3e-06
172800,1.78e-06
176400,2.06e-06
180000,1.95e-06
183600,1.87e-06
187200,1.46e-06
190800,9.61e-07
194400,4.12e-07
198000,5.1e-08
201600,6.33e-11
205200,1e-10
208800,8.58e-11
212400,4.04e-11
216000,1e-10
219600,1e-10
223200,1e-10
226800,3.98e-11
230400,8.33e-14
234000,1e-10
237600,2.94e-11
241200,9.67e-11
244800,3.79e-08
248400,3.21e-07
252000,5.23e-07
255600,1.3e-06
259200,1.78e-06
262800,2.06e-06
266400,1.95e-06
270000,1.87e-06
273600,1.46e-06
277200,9.61e-07
280800,4.12e-07
284400,5.1e-08
288000,6.33e-11
291600,1e-10
295200,8.58e-11
298800,4.04e-11
302400,1e-10
306000,1e-10
309600,1e-10
313200,3.98e-11
316800,8.33e-14
320400,1e-10
324000,2.94e-11
327600,9.67e-11
331200,3.79e-08
334800,3.21e-07
338400,5.23e-07
342000,1.3e-06
345600,1.78e-06
349200,2.06e-06
352800,1.95e-06
356400,1.87e-06
360000,1.46e-06
363600,9.61e-07
367200,4.12e-07
370800,5.1e-08
374400,6.33e-11
378000,1e-10
381600,8.58e-11
385200,4.04e-11
388800,5.36e-11
392400,2.25e-11
396000,3.64e-11
399600,3.23e-11
403200,2.19e-11
406800,1.6e-12
410400,3.85e-11
414000,5.31e-11
417600,6.73e-08
421200,3.95e-07
424800,8.99e-07
428400,1.34e-06
432000,1.58e-06
435600,1.93e-06
439200,1.85e-06
442800,1.49e-06
446400,9.33e-07
450000,6.63e-07
453600,2.66e-07
457200,3.46e-08
460800,3.1e-11
464400,4.36e-11
468000,6.66e-11
471600,3.31e-11
475200,6.46e-11
478800,8.94e-11
482400,4.58e-11
486000,1.16e-10
489600,1e-10
493200,2.8e-11
496800,5.69e-12
500400,1.02e-10
504000,4.67e-08
507600,2.53e-07
511200,7.55e-07
514800,1.1e-06
518400,1.69e-06
522000,1.91e-06
525600,2e-06
529200,1.83e-06
532800,1.48e-06
536400,1.08e-06
540000,4.62e-07
543600,5.75e-08
547200,1.4e-10
550800,1e-10
554400,5.86e-11
558000,8.37e-11
561600,4.71e-11
565200,5.7e-11
568800,7.21e-11
572400,1.55e-11
576000,5.24e-11
579600,8.16e-12
583200,5.21e-11
586800,1.25e-10
590400,8.44e-08
594000,4.81e-07
597600,1.11e-06
601200,1.48e-06
604800,2.03e-06
608400,2.3e-06
612000,2.22e-06
615600,1.91e-06
619200,1.69e-06
622800,1.07e-06
626400,5.19e-07
630000,6.55e-08
633600,5.64e-11
637200,1e-10
640800,1e-10
644400,6.12e-11
648000,4.03e-11
651600,1.92e-11
655200,2.93e-11
658800,6.94e-11
662400,1.49e-11
666000,4.34e-11
669600,1.08e-11
673200,1.67e-10
676800,8.69e-08
680400,4.43e-07
684000,8.5e-07
687600,1.05e-06
691200,1.37e-06
694800,1.49e-06
698400,1.6e-06
702000,1.42e-06
705600,1.27e-06
709200,6.41e-07
712800,3.52e-07
716400,4.39e-08
720000,6.91e-11
723600,6.64e-11
727200,1e-10
730800,5.8e-11
734400,6.66e-11
738000,1.47e-11
741600,1e-10
745200,4.16e-11
748800,3.85e-11
752400,1.06e-11
756000,9.84e-11
759600,9.43e-11
763200,3.31e-08
766800,2.12e-07
770400,3.8e-07
774000,6.68e-07
777600,9.63e-07
781200,1.27e-06
784800,1.62e-06
788400,6.31e-07
792000,5.32e-07
795600,3.81e-07
799200,1.41e-07
802800,2.66e-08
806400,1.11e-10
810000,2.96e-11
813600,1.46e-11
817200,5.3e-11
820800,7.32e-11
824400,4.21e-11
828000,4.95e-11
831600,8.17e-11
835200,4.98e-11
838800,1.38e-11
842400,1e-10
846000,1.8e-10
849600,6.58e-08
853200,4.16e-07
856800,1.27e-06
860400,1.86e-06
864000,2.18e-06
867600,2.32e-06
871200,2.26e-06
874800,2.11e-06
878400,1.8e-06
882000,1.1e-06
885600,4.51e-07
889200,6.15e-08
892800,1.72e-10
896400,1.57e-11
9e+05,4.52e-11
903600,4.38e-11
907200,6.26e-11
910800,1e-10
914400,3.56e-11
918000,1.01e-10
921600,8.69e-11
925200,5e-11
928800,3.28e-11
932400,3e-10
936000,7.67e-08
939600,5.2e-07
943200,1.19e-06
946800,1.75e-06
950400,2.1e-06
954000,2.25e-06
957600,2.26e-06
961200,1.93e-06
964800,1.75e-06
968400,1.01e-06
972000,4.65e-07
975600,6.59e-08
979200,2.14e-10
982800,4.36e-12
986400,9.72692307692308e-12
990000,3.64823076923077e-11
993600,3.74669285714286e-11
997200,1.74728571428571e-11
1000800,2.67221428571429e-11
1004400,4.3325e-11
1008000,1.55123785714286e-11
1011600,1.46314285714286e-11
1015200,2.27635714285714e-11
1018800,2.13792857142857e-10
1022400,6.31928571428571e-08
1026000,3.64071428571429e-07
1029600,7.90285714285714e-07
1033200,1.3145e-06
1036800,1.69164285714286e-06
1040400,1.89785714285714e-06
1044000,1.90714285714286e-06
1047600,1.66864285714286e-06
1051200,1.35421428571429e-06
1054800,8.15714285714286e-07
1058400,3.49e-07
1062000,4.97714285714286e-08
1065600,9.19928571428571e-11
1069200,1.00542857142857e-11
1072800,9.72692307692308e-12
1076400,3.64823076923077e-11
1080000,3.74669285714286e-11
1083600,1.74728571428571e-11
1087200,2.67221428571429e-11
1090800,4.3325e-11
1094400,1.55123785714286e-11
1098000,1.46314285714286e-11
1101600,2.27635714285714e-11
1105200,2.13792857142857e-10
1108800,6.31928571428571e-08
1112400,3.64071428571429e-07
1116000,7.90285714285714e-07
1119600,1.3145e-06
1123200,1.69164285714286e-06
1126800,1.89785714285714e-06
1130400,1.90714285714286e-06
1134000,1.66864285714286e-06
1137600,1.35421428571429e-06
1141200,8.15714285714286e-07
1144800,3.49e-07
1148400,4.97714285714286e-08
1152000,9.19928571428571e-11
1155600,1.00542857142857e-11
1159200,9.72692307692308e-12
1162800,3.64823076923077e-11
1166400,3.74669285714286e-11
1170000,1.74728571428571e-11
1173600,2.67221428571429e-11
1177200,4.3325e-11
1180800,1.55123785714286e-11
1184400,1.46314285714286e-11
1188000,2.27635714285714e-11
1191600,2.13792857142857e-10
1195200,6.31928571428571e-08
1198800,3.64071428571429e-07
1202400,7.90285714285714e-07
1206000,1.3145e-06
1209600,1.69164285714286e-06
1213200,1.89785714285714e-06
1216800,1.90714285714286e-06
1220400,1.66864285714286e-06
1224000,1.35421428571429e-06
1227600,8.15714285714286e-07
1231200,3.49e-07
1234800,4.97714285714286e-08
1238400,9.19928571428571e-11
1242000,1.00542857142857e-11
1245600,9.72692307692308e-12
1249200,3.64823076923077e-11
1252800,3.74669285714286e-11
1256400,1.74728571428571e-11
1260000,2.67221428571429e-11
1263600,4.3325e-11
1267200,1.55123785714286e-11
1270800,1.46314285714286e-11
1274400,2.27635714285714e-11
1278000,2.13792857142857e-10
1281600,6.31928571428571e-08
1285200,3.64071428571429e-07
1288800,7.90285714285714e-07
1292400,1.3145e-06
1296000,1.69164285714286e-06
1299600,1.89785714285714e-06
1303200,1.90714285714286e-06
1306800,1.66864285714286e-06
1310400,1.35421428571429e-06
1314000,8.15714285714286e-07
1317600,3.49e-07
1321200,4.97714285714286e-08
1324800,9.19928571428571e-11
1328400,1.00542857142857e-11
1332000,9.72692307692308e-12
1335600,3.64823076923077e-11
1339200,3.74669285714286e-11
1342800,1.74728571428571e-11
1346400,2.67221428571429e-11
1350000,4.3325e-11
1353600,1.55123785714286e-11
1357200,1.46314285714286e-11
1360800,2.27635714285714e-11
1364400,2.13792857142857e-10
1368000,6.31928571428571e-08
1371600,3.64071428571429e-07
1375200,7.90285714285714e-07
1378800,1.3145e-06
1382400,1.69164285714286e-06
1386000,1.89785714285714e-06
1389600,1.90714285714286e-06
1393200,1.66864285714286e-06
1396800,1.35421428571429e-06
1400400,8.15714285714286e-07
1404000,3.49e-07
1407600,4.97714285714286e-08
1411200,9.19928571428571e-11
1414800,1.00542857142857e-11
1418400,9.72692307692308e-12
1422000,3.64823076923077e-11
1425600,3.74669285714286e-11
1429200,1.74728571428571e-11
1432800,2.67221428571429e-11
1436400,4.3325e-11
1440000,1.55123785714286e-11
1443600,1.46314285714286e-11
1447200,2.27635714285714e-11
1450800,2.13792857142857e-10
1454400,6.31928571428571e-08
1458000,3.64071428571429e-07
1461600,7.90285714285714e-07
1465200,1.3145e-06
1468800,1.69164285714286e-06
1472400,1.89785714285714e-06
1476000,1.90714285714286e-06
1479600,1.66864285714286e-06
1483200,1.35421428571429e-06
1486800,8.15714285714286e-07
1490400,3.49e-07
1494000,4.97714285714286e-08
1497600,9.19928571428571e-11
1501200,1.00542857142857e-11
1504800,9.72692307692308e-12
1508400,3.64823076923077e-11
1512000,1e-10
1515600,1e-10
1519200,1e-10
1522800,1e-10
1526400,2.98e-12
1530000,1e-10
1533600,1e-10
1537200,1.54e-10
1540800,6.38e-08
1544400,3.16e-07
1548000,3.68e-07
1551600,7.75e-07
1555200,1.35e-06
1558800,1.8e-06
1562400,1.69e-06
1566000,1.39e-06
1569600,8.14e-07
1573200,4.06e-07
1576800,2.11e-07
1580400,3.6e-08
1584000,1e-10
1587600,1e-10
1591200,1e-10
1594800,5.24e-12
1598400,3.87e-11
1602000,1e-10
1605600,5.62e-11
1609200,6.35e-12
1612800,2.37e-11
1616400,3.81e-11
1620000,1.46e-11
1623600,2.01e-10
1627200,3.56e-08
1630800,2.02e-07
1634400,4.25e-07
1638000,1.33e-06
1641600,1.76e-06
1645200,1.46e-06
1648800,1.93e-06
1652400,1.68e-06
1656000,1.3e-06
1659600,6.47e-07
1663200,2.19e-07
1666800,2.95e-08
1670400,5.64e-11
1674000,3.9e-11
1677600,1e-10
1681200,4.13e-12
1684800,2.4e-11
1688400,1e-10
1692000,6.73e-11
1695600,5.13e-11
1699200,1e-10
1702800,8.95e-12
1706400,1e-10
1710000,1.23e-10
1713600,3.93e-08
1717200,2.97e-07
1720800,6.62e-07
1724400,1.28e-06
1728000,1.39e-06
1731600,1.73e-06
1735200,1.18e-06
1738800,1.58e-06
1742400,1.42e-06
1746000,8.91e-07
1749600,3.03e-07
1753200,5.06e-08
1756800,7.87e-11
1760400,4.77e-11
1764000,1.94e-11
1767600,2.68e-11
1771200,7.77e-12
1774800,2.19e-11
1778400,2.21e-11
1782000,1e-10
1785600,1.88e-11
1789200,3.03e-11
1792800,1e-10
1796400,4.32e-10
1800000,7.66e-08
1803600,4.44e-07
1807200,8.77e-07
1810800,1.42e-06
1814400,1.8e-06
1818000,1.95e-06
1821600,1.95e-06
1825200,1.77e-06
1828800,1.45e-06
1832400,7.23e-07
1836000,3.09e-07
1839600,5.52e-08
1843200,4.47e-11
1846800,5.16e-12
1850400,3.67e-11
1854000,3.48e-11
1857600,3.73e-11
1861200,5.2e-11
1864800,9.91e-12
1868400,5.42e-11
1872000,1e-10
1875600,6.12e-11
1879200,4.4e-11
1882800,4e-10
1886400,6.66e-08
1890000,3.16e-07
1893600,7.92e-07
1897200,1.44e-06
1900800,1.78e-06
1904400,1.93e-06
1908000,1.94e-06
1911600,1.63e-06
1915200,1.27e-06
1918800,6.57e-07
1922400,2.53e-07
1926000,4.05e-08
1929600,1.57e-10
1933200,3.66e-11
1936800,1e-10
1940400,6.49e-11
1944000,3.16e-11
1947600,1e-10
1951200,6.46e-11
1954800,5.84e-11
1958400,1e-10
1962000,1e-10
1965600,3.28e-11
1969200,5.65e-10
1972800,1.04e-07
1976400,4.81e-07
1980000,9.63e-07
1983600,1.61e-06
1987200,1.91e-06
1990800,2.17e-06
1994400,2.25e-06
1998000,2.12e-06
2001600,1.79e-06
2005200,1.19e-06
2008800,5.23e-07
2012400,7.85e-08
2016000,1.23e-10
2019600,1e-10
2023200,1e-10
2026800,1e-10
