0,8.49e-06
3600,9.78e-06
7200,9.27e-06
10800,8.91e-06
14400,7.05e-06
18000,4.8e-06
21600,2.18e-06
25200,2.79e-07
28800,2.94e-10
32400,1e-10
36000,3.79e-10
39600,1.79e-10
43200,1e-10
46800,1e-10
50400,1e-10
54000,1.72e-10
57600,1e-10
61200,1e-10
64800,1.25e-10
68400,4.81e-10
72000,2.01e-07
75600,1.61e-06
79200,2.56e-06
82800,6.3e-06
86400,8.49e-06
90000,9.78e-06
93600,9.27e-06
97200,8.91e-06
100800,7.05e-06
104400,4.8e-06
108000,2.18e-06
111600,2.79e-07
115200,2.94e-10
118800,1e-10
122400,3.79e-10
126000,1.79e-10
129600,1e-10
133200,1e-10
136800,1e-10
140400,1.72e-10
144000,1e-10
147600,1e-10
151200,1.25e-10
154800,4.81e-10
158400,2.01e-07
162000,1.61e-06
165600,2.56e-06
169200,6.3e-06
172800,8.49e-06
176400,9.78e-06
180000,9.27e-06
183600,8.91e-06
187200,7.05e-06
190800,4.8e-06
194400,2.18e-06
198000,2.79e-07
201600,2.94e-10
205200,1e-10
208800,3.79e-10
212400,1.79e-10
216000,1e-10
219600,1e-10
223200,1e-10
226800,1.72e-10
230400,1e-10
234000,1e-10
237600,1.25e-10
241200,4.81e-10
244800,2.01e-07
248400,1.61e-06
252000,2.56e-06
255600,6.3e-06
259200,8.49e-06
262800,9.78e-06
266400,9.27e-06
270000,8.91e-06
273600,7.05e-06
277200,4.8e-06
280800,2.18e-06
284400,2.79e-07
288000,2.94e-10
291600,1e-10
295200,3.79e-10
298800,1.79e-10
302400,1e-10
306000,1e-10
309600,1e-10
313200,1.72e-10
316800,1e-10
320400,1e-10
324000,1.25e-10
327600,4.81e-10
331200,2.01e-07
334800,1.61e-06
338400,2.56e-06
342000,6.3e-06
345600,8.49e-06
349200,9.78e-06
352800,9.27e-06
356400,8.91e-06
360000,7.05e-06
363600,4.8e-06
367200,2.18e-06
370800,2.79e-07
374400,2.94e-10
378000,1e-10
381600,3.79e-10
385200,1.79e-10
388800,2.38e-10
392400,9.77e-11
396000,1.59e-10
399600,1.41e-10
403200,9.34e-11
406800,5.2e-12
410400,1.68e-10
414000,3.28e-10
417600,3.57e-07
421200,2.06e-06
424800,4.54e-06
428400,6.53e-06
432000,7.59e-06
435600,9.21e-06
439200,8.85e-06
442800,7.14e-06
446400,4.48e-06
450000,3.25e-06
453600,1.34e-06
457200,1.79e-07
460800,1.42e-10
464400,1.89e-10
468000,2.93e-10
471600,1.45e-10
475200,2.86e-10
478800,3.96e-10
482400,2.02e-10
486000,5.13e-10
489600,1e-10
493200,1.2e-10
496800,2.2e-11
500400,5.14e-10
504000,2.41e-07
507600,1.24e-06
511200,3.74e-06
514800,5.3e-06
518400,8.03e-06
522000,9.1e-06
525600,9.57e-06
529200,8.77e-06
532800,7.18e-06
536400,5.44e-06
540000,2.45e-06
543600,3.16e-07
547200,6.35e-10
550800,1e-10
554400,2.59e-10
558000,3.71e-10
561600,2.07e-10
565200,2.52e-10
568800,3.19e-10
572400,6.79e-11
576000,2.3e-10
579600,3.41e-11
583200,2.28e-10
586800,7.18e-10
590400,4.67e-07
594000,2.5e-06
597600,5.55e-06
601200,7.08e-06
604800,9.67e-06
608400,1.09e-05
612000,1.06e-05
615600,9.02e-06
619200,8.11e-06
622800,5.26e-06
626400,2.71e-06
630000,3.52e-07
633600,2.64e-10
637200,1e-10
640800,1e-10
644400,2.7e-10
648000,1.78e-10
651600,8.45e-11
655200,1.29e-10
658800,3.08e-10
662400,6.48e-11
666000,1.93e-10
669600,4.56e-11
673200,8.69e-10
676800,4.63e-07
680400,2.25e-06
684000,4.15e-06
687600,4.97e-06
691200,6.47e-06
694800,7.06e-06
698400,7.57e-06
702000,6.76e-06
705600,6.07e-06
709200,3.09e-06
712800,1.76e-06
716400,2.25e-07
720000,3.14e-10
723600,2.93e-10
727200,1e-10
730800,2.55e-10
734400,2.94e-10
738000,6.15e-11
741600,1e-10
745200,1.82e-10
748800,1.7e-10
752400,4.68e-11
756000,4.35e-10
759600,4.61e-10
763200,1.67e-07
766800,1.04e-06
770400,1.81e-06
774000,3.16e-06
777600,4.54e-06
781200,6.02e-06
784800,7.69e-06
788400,2.97e-06
792000,2.52e-06
795600,1.82e-06
799200,6.87e-07
802800,1.36e-07
806400,4.94e-10
810000,1.29e-10
813600,6.28e-11
817200,2.33e-10
820800,3.24e-10
824400,1.87e-10
828000,2.17e-10
831600,3.62e-10
835200,2.17e-10
838800,5.88e-11
842400,1e-10
846000,8.99e-10
849600,3.35e-07
853200,2.07e-06
856800,6.34e-06
860400,8.94e-06
864000,1.04e-05
867600,1.1e-05
871200,1.07e-05
874800,1e-05
878400,8.65e-06
882000,5.42e-06
885600,2.3e-06
889200,3.32e-07
892800,7.76e-10
896400,6.81e-11
9e+05,2e-10
903600,1.94e-10
907200,2.79e-10
910800,1e-10
914400,1.56e-10
918000,4.52e-10
921600,3.86e-10
925200,2.19e-10
928800,1.44e-10
932400,1.62e-09
936000,4.15e-07
939600,2.68e-06
943200,5.92e-06
946800,8.42e-06
950400,9.96e-06
954000,1.06e-05
957600,1.07e-05
961200,9.15e-06
964800,8.43e-06
968400,4.96e-06
972000,2.42e-06
975600,3.62e-07
979200,9.63e-10
982800,1.82e-11
986400,4.17615384615385e-11
990000,1.60646153846154e-10
993600,1.64884285714286e-10
997200,7.61285714285714e-11
1000800,1.17114285714286e-10
1004400,1.91078571428571e-10
1008000,6.643e-11
1011600,6.31642857142857e-11
1015200,9.83192857142857e-11
1018800,1.16835714285714e-09
1022400,3.33928571428571e-07
1026000,1.84857142857143e-06
1029600,3.91e-06
1033200,6.34714285714286e-06
1036800,8.07214285714286e-06
1040400,9.02714285714286e-06
1044000,9.07714285714286e-06
1047600,7.96071428571429e-06
1051200,6.53428571428571e-06
1054800,4.01571428571429e-06
1058400,1.78907142857143e-06
1062000,2.65071428571429e-07
1065600,4.35592857142857e-10
1069200,4.21857142857143e-11
1072800,4.17615384615385e-11
1076400,1.60646153846154e-10
1080000,1.64884285714286e-10
1083600,7.61285714285714e-11
1087200,1.17114285714286e-10
1090800,1.91078571428571e-10
1094400,6.643e-11
1098000,6.31642857142857e-11
1101600,9.83192857142857e-11
1105200,1.16835714285714e-09
1108800,3.33928571428571e-07
1112400,1.84857142857143e-06
1116000,3.91e-06
1119600,6.34714285714286e-06
1123200,8.07214285714286e-06
1126800,9.02714285714286e-06
1130400,9.07714285714286e-06
1134000,7.96071428571429e-06
1137600,6.53428571428571e-06
1141200,4.01571428571429e-06
1144800,1.78907142857143e-06
1148400,2.65071428571429e-07
1152000,4.35592857142857e-10
1155600,4.21857142857143e-11
1159200,4.17615384615385e-11
1162800,1.60646153846154e-10
1166400,1.64884285714286e-10
1170000,7.61285714285714e-11
1173600,1.17114285714286e-10
1177200,1.91078571428571e-10
1180800,6.643e-11
1184400,6.31642857142857e-11
1188000,9.83192857142857e-11
1191600,1.16835714285714e-09
1195200,3.33928571428571e-07
1198800,1.84857142857143e-06
1202400,3.91e-06
1206000,6.34714285714286e-06
1209600,8.07214285714286e-06
1213200,9.02714285714286e-06
1216800,9.07714285714286e-06
1220400,7.96071428571429e-06
1224000,6.53428571428571e-06
1227600,4.01571428571429e-06
1231200,1.78907142857143e-06
1234800,2.65071428571429e-07
1238400,4.35592857142857e-10
1242000,4.21857142857143e-11
1245600,4.17615384615385e-11
1249200,1.60646153846154e-10
1252800,1.64884285714286e-10
1256400,7.61285714285714e-11
1260000,1.17114285714286e-10
1263600,1.91078571428571e-10
1267200,6.643e-11
1270800,6.31642857142857e-11
1274400,9.83192857142857e-11
1278000,1.16835714285714e-09
1281600,3.33928571428571e-07
1285200,1.84857142857143e-06
1288800,3.91e-06
1292400,6.34714285714286e-06
1296000,8.07214285714286e-06
1299600,9.02714285714286e-06
1303200,9.07714285714286e-06
1306800,7.96071428571429e-06
1310400,6.53428571428571e-06
1314000,4.01571428571429e-06
1317600,1.78907142857143e-06
1321200,2.65071428571429e-07
1324800,4.35592857142857e-10
1328400,4.21857142857143e-11
1332000,4.17615384615385e-11
1335600,1.60646153846154e-10
1339200,1.64884285714286e-10
1342800,7.61285714285714e-11
1346400,1.17114285714286e-10
1350000,1.91078571428571e-10
1353600,6.643e-11
1357200,6.31642857142857e-11
1360800,9.83192857142857e-11
1364400,1.16835714285714e-09
1368000,3.33928571428571e-07
1371600,1.84857142857143e-06
1375200,3.91e-06
1378800,6.34714285714286e-06
1382400,8.07214285714286e-06
1386000,9.02714285714286e-06
1389600,9.07714285714286e-06
1393200,7.96071428571429e-06
1396800,6.53428571428571e-06
1400400,4.01571428571429e-06
1404000,1.78907142857143e-06
1407600,2.65071428571429e-07
1411200,4.35592857142857e-10
1414800,4.21857142857143e-11
1418400,4.17615384615385e-11
1422000,1.60646153846154e-10
1425600,1.64884285714286e-10
1429200,7.61285714285714e-11
1432800,1.17114285714286e-10
1436400,1.91078571428571e-10
1440000,6.643e-11
1443600,6.31642857142857e-11
1447200,9.83192857142857e-11
1450800,1.16835714285714e-09
1454400,3.33928571428571e-07
1458000,1.84857142857143e-06
1461600,3.91e-06
1465200,6.34714285714286e-06
1468800,8.07214285714286e-06
1472400,9.02714285714286e-06
1476000,9.07714285714286e-06
1479600,7.96071428571429e-06
1483200,6.53428571428571e-06
1486800,4.01571428571429e-06
1490400,1.78907142857143e-06
1494000,2.65071428571429e-07
1497600,4.35592857142857e-10
1501200,4.21857142857143e-11
1504800,4.17615384615385e-11
1508400,1.60646153846154e-10
1512000,1e-10
1515600,1e-10
1519200,1e-10
1522800,1e-10
1526400,1.08e-11
1530000,1e-10
1533600,1e-10
1537200,9.13e-10
1540800,3.34e-07
1544400,1.64e-06
1548000,1.83e-06
1551600,3.8e-06
1555200,6.47e-06
1558800,8.59e-06
1562400,8.09e-06
1566000,6.65e-06
1569600,3.93e-06
1573200,1.96e-06
1576800,1.06e-06
1580400,1.86e-07
1584000,1e-10
1587600,1e-10
1591200,1e-10
1594800,2.07e-11
1598400,1.72e-10
1602000,1e-10
1605600,2.49e-10
1609200,2.61e-11
1612800,1.05e-10
1616400,1.7e-10
1620000,6.47e-11
1623600,1.19e-09
1627200,1.93e-07
1630800,1.01e-06
1634400,2.05e-06
1638000,6.47e-06
1641600,8.48e-06
1645200,6.98e-06
1648800,9.22e-06
1652400,8.05e-06
1656000,6.33e-06
1659600,3.16e-06
1663200,1.08e-06
1666800,1.54e-07
1670400,2.87e-10
1674000,1.71e-10
1677600,1e-10
1681200,1.87e-11
1684800,1.06e-10
1688400,1e-10
1692000,3.01e-10
1695600,2.28e-10
1699200,1e-10
1702800,3.92e-11
1706400,1e-10
1710000,6.44e-10
1713600,2e-07
1717200,1.47e-06
1720800,3.28e-06
1724400,6.26e-06
1728000,6.66e-06
1731600,8.31e-06
1735200,5.62e-06
1738800,7.61e-06
1742400,6.92e-06
1746000,4.45e-06
1749600,1.55e-06
1753200,2.7e-07
1756800,4.03e-10
1760400,2.11e-10
1764000,8.47e-11
1767600,1.17e-10
1771200,3.16e-11
1774800,9.61e-11
1778400,9.86e-11
1782000,1e-10
1785600,8.11e-11
1789200,1.33e-10
1792800,1e-10
1796400,2.46e-09
1800000,4.14e-07
1803600,2.32e-06
1807200,4.4e-06
1810800,6.91e-06
1814400,8.66e-06
1818000,9.33e-06
1821600,9.33e-06
1825200,8.49e-06
1828800,7.07e-06
1832400,3.56e-06
1836000,1.57e-06
1839600,2.88e-07
1843200,2.46e-10
1846800,2.15e-11
1850400,1.63e-10
1854000,1.54e-10
1857600,1.64e-10
1861200,2.31e-10
1864800,4.25e-11
1868400,2.41e-10
1872000,1e-10
1875600,2.71e-10
1879200,1.93e-10
1882800,2.11e-09
1886400,3.39e-07
1890000,1.55e-06
1893600,3.87e-06
1897200,6.98e-06
1900800,8.52e-06
1904400,9.2e-06
1908000,9.27e-06
1911600,7.83e-06
1915200,6.11e-06
1918800,3.2e-06
1922400,1.25e-06
1926000,2.06e-07
1929600,7.45e-10
1933200,1.58e-10
1936800,1e-10
1940400,2.88e-10
1944000,1.37e-10
1947600,1e-10
1951200,2.85e-10
1954800,2.59e-10
1958400,1e-10
1962000,1e-10
1965600,1.42e-10
1969200,3.15e-09
1972800,5.49e-07
1976400,2.44e-06
1980000,4.7e-06
1983600,7.74e-06
1987200,9.07e-06
1990800,1.03e-05
1994400,1.06e-05
1998000,1.01e-05
2001600,8.63e-06
2005200,5.85e-06
2008800,2.69e-06
2012400,4.26e-07
2016000,6.18e-10
2019600,1e-10
2023200,1e-10
2026800,1e-10
