0,5.19e-06
3600,6.1e-06
7200,5.81e-06
10800,5.5e-06
14400,4.21e-06
18000,2.67e-06
21600,1.07e-06
25200,1.22e-07
28800,1.94e-10
32400,1e-10
36000,2.44e-10
39600,1.16e-10
43200,5.01e-12
46800,1e-10
50400,1e-10
54000,1.17e-10
57600,5.03e-12
61200,1e-10
64800,8.69e-11
68400,2.4e-10
72000,8.73e-08
75600,7.87e-07
79200,1.38e-06
82800,3.65e-06
86400,5.19e-06
90000,6.1e-06
93600,5.81e-06
97200,5.5e-06
100800,4.21e-06
104400,2.67e-06
108000,1.07e-06
111600,1.22e-07
115200,1.94e-10
118800,1e-10
122400,2.44e-10
126000,1.16e-10
129600,5.01e-12
133200,1e-10
136800,1e-10
140400,1.17e-10
144000,5.03e-12
147600,1e-10
151200,8.69e-11
154800,2.4e-10
158400,8.73e-08
162000,7.87e-07
165600,1.38e-06
169200,3.65e-06
172800,5.19e-06
176400,6.1e-06
180000,5.81e-06
183600,5.5e-06
187200,4.21e-06
190800,2.67e-06
194400,1.07e-06
198000,1.22e-07
201600,1.94e-10
205200,1e-10
208800,2.44e-10
212400,1.16e-10
216000,5.01e-12
219600,1e-10
223200,1e-10
226800,1.17e-10
230400,5.03e-12
234000,1e-10
237600,8.69e-11
241200,2.4e-10
244800,8.73e-08
248400,7.87e-07
252000,1.38e-06
255600,3.65e-06
259200,5.19e-06
262800,6.1e-06
266400,5.81e-06
270000,5.5e-06
273600,4.21e-06
277200,2.67e-06
280800,1.07e-06
284400,1.22e-07
288000,1.94e-10
291600,1e-10
295200,2.44e-10
298800,1.16e-10
302400,5.01e-12
306000,1e-10
309600,1e-10
313200,1.17e-10
316800,5.03e-12
320400,1e-10
324000,8.69e-11
327600,2.4e-10
331200,8.73e-08
334800,7.87e-07
338400,1.38e-06
342000,3.65e-06
345600,5.19e-06
349200,6.1e-06
352800,5.81e-06
356400,5.5e-06
360000,4.21e-06
363600,2.67e-06
367200,1.07e-06
370800,1.22e-07
374400,1.94e-10
378000,1e-10
381600,2.44e-10
385200,1.16e-10
388800,1.53e-10
392400,6.58e-11
396000,1.09e-10
399600,9.35e-11
403200,6.6e-11
406800,8.59e-12
410400,1.11e-10
414000,9.66e-11
417600,1.54e-07
421200,9.56e-07
424800,2.34e-06
428400,3.73e-06
432000,4.6e-06
435600,5.69e-06
439200,5.48e-06
442800,4.35e-06
446400,2.7e-06
450000,1.86e-06
453600,7.06e-07
457200,8.42e-08
460800,9.46e-11
464400,1.41e-10
468000,1.89e-10
471600,9.49e-11
475200,1.85e-10
478800,2.53e-10
482400,1.32e-10
486000,3.27e-10
489600,1e-10
493200,8.32e-11
496800,2e-11
500400,2.44e-10
504000,1.08e-07
507600,6.25e-07
511200,1.98e-06
514800,3.11e-06
518400,4.92e-06
522000,5.67e-06
525600,5.95e-06
529200,5.38e-06
532800,4.28e-06
536400,3.02e-06
540000,1.2e-06
543600,1.38e-07
547200,4.33e-10
550800,1e-10
554400,1.68e-10
558000,2.36e-10
561600,1.36e-10
565200,1.64e-10
568800,2.03e-10
572400,4.67e-11
576000,1.5e-10
579600,2.65e-11
583200,1.51e-10
586800,2.65e-10
590400,1.92e-07
594000,1.17e-06
597600,2.91e-06
601200,4.17e-06
604800,5.94e-06
608400,6.83e-06
612000,6.64e-06
615600,5.66e-06
619200,4.91e-06
622800,3e-06
626400,1.36e-06
630000,1.58e-07
633600,1.63e-10
637200,1e-10
640800,1e-10
644400,1.76e-10
648000,1.15e-10
651600,5.56e-11
655200,8.55e-11
658800,1.97e-10
662400,4.58e-11
666000,1.25e-10
669600,3.4e-11
673200,3.91e-10
676800,2e-07
680400,1.08e-06
684000,2.24e-06
687600,2.97e-06
691200,4.02e-06
694800,4.46e-06
698400,4.79e-06
702000,4.21e-06
705600,3.71e-06
709200,1.82e-06
712800,9.4e-07
716400,1.08e-07
720000,2.15e-10
723600,2e-10
727200,1e-10
730800,1.66e-10
734400,1.9e-10
738000,4.79e-11
741600,1e-10
745200,1.21e-10
748800,1.1e-10
752400,3.3e-11
756000,2.79e-10
759600,2.33e-10
763200,7.76e-08
766800,5.28e-07
770400,1.01e-06
774000,1.89e-06
777600,2.82e-06
781200,3.78e-06
784800,4.84e-06
788400,1.87e-06
792000,1.55e-06
795600,1.09e-06
799200,3.81e-07
802800,6.52e-08
806400,3.49e-10
810000,9.28e-11
813600,4.51e-11
817200,1.53e-10
820800,2.06e-10
824400,1.21e-10
828000,1.42e-10
831600,2.31e-10
835200,1.42e-10
838800,4.22e-11
842400,1e-10
846000,4.38e-10
849600,1.53e-07
853200,1.03e-06
856800,3.32e-06
860400,5.21e-06
864000,6.37e-06
867600,6.9e-06
871200,6.74e-06
874800,6.22e-06
878400,5.18e-06
882000,3.08e-06
885600,1.18e-06
889200,1.48e-07
892800,5.37e-10
896400,5.03e-11
9e+05,1.27e-10
903600,1.25e-10
907200,1.77e-10
910800,1e-10
914400,1.02e-10
918000,2.87e-10
921600,2.47e-10
925200,1.44e-10
928800,9.45e-11
932400,6.82e-10
936000,1.76e-07
939600,1.26e-06
943200,3.12e-06
946800,4.92e-06
950400,6.12e-06
954000,6.68e-06
957600,6.75e-06
961200,5.72e-06
964800,5.05e-06
968400,2.82e-06
972000,1.21e-06
975600,1.57e-07
979200,6.73e-10
982800,1.16e-11
986400,3.04461538461538e-11
990000,1.055e-10
993600,1.07950714285714e-10
997200,5.26535714285714e-11
1000800,7.82285714285714e-11
1004400,1.24728571428571e-10
1008000,4.73378571428571e-11
1011600,4.46492857142857e-11
1015200,6.761e-11
1018800,4.74328571428571e-10
1022400,1.46021428571429e-07
1026000,8.92214285714286e-07
1029600,2.05714285714286e-06
1033200,3.65857142857143e-06
1036800,4.91214285714286e-06
1040400,5.62142857142857e-06
1044000,5.67928571428571e-06
1047600,4.925e-06
1051200,3.925e-06
1054800,2.28857142857143e-06
1058400,9.19214285714286e-07
1062000,1.20342857142857e-07
1065600,2.674e-10
1069200,3.432e-11
1072800,3.04461538461538e-11
1076400,1.055e-10
1080000,1.07950714285714e-10
1083600,5.26535714285714e-11
1087200,7.82285714285714e-11
1090800,1.24728571428571e-10
1094400,4.73378571428571e-11
1098000,4.46492857142857e-11
1101600,6.761e-11
1105200,4.74328571428571e-10
1108800,1.46021428571429e-07
1112400,8.92214285714286e-07
1116000,2.05714285714286e-06
1119600,3.65857142857143e-06
1123200,4.91214285714286e-06
1126800,5.62142857142857e-06
1130400,5.67928571428571e-06
1134000,4.925e-06
1137600,3.925e-06
1141200,2.28857142857143e-06
1144800,9.19214285714286e-07
1148400,1.20342857142857e-07
1152000,2.674e-10
1155600,3.432e-11
1159200,3.04461538461538e-11
1162800,1.055e-10
1166400,1.07950714285714e-10
1170000,5.26535714285714e-11
1173600,7.82285714285714e-11
1177200,1.24728571428571e-10
1180800,4.73378571428571e-11
1184400,4.46492857142857e-11
1188000,6.761e-11
1191600,4.74328571428571e-10
1195200,1.46021428571429e-07
1198800,8.92214285714286e-07
1202400,2.05714285714286e-06
1206000,3.65857142857143e-06
1209600,4.91214285714286e-06
1213200,5.62142857142857e-06
1216800,5.67928571428571e-06
1220400,4.925e-06
1224000,3.925e-06
1227600,2.28857142857143e-06
1231200,9.19214285714286e-07
1234800,1.20342857142857e-07
1238400,2.674e-10
1242000,3.432e-11
1245600,3.04461538461538e-11
1249200,1.055e-10
1252800,1.07950714285714e-10
1256400,5.26535714285714e-11
1260000,7.82285714285714e-11
1263600,1.24728571428571e-10
1267200,4.73378571428571e-11
1270800,4.46492857142857e-11
1274400,6.761e-11
1278000,4.74328571428571e-10
1281600,1.46021428571429e-07
1285200,8.92214285714286e-07
1288800,2.05714285714286e-06
1292400,3.65857142857143e-06
1296000,4.91214285714286e-06
1299600,5.62142857142857e-06
1303200,5.67928571428571e-06
1306800,4.925e-06
1310400,3.925e-06
1314000,2.28857142857143e-06
1317600,9.19214285714286e-07
1321200,1.20342857142857e-07
1324800,2.674e-10
1328400,3.432e-11
1332000,3.04461538461538e-11
1335600,1.055e-10
1339200,1.07950714285714e-10
1342800,5.26535714285714e-11
1346400,7.82285714285714e-11
1350000,1.24728571428571e-10
1353600,4.73378571428571e-11
1357200,4.46492857142857e-11
1360800,6.761e-11
1364400,4.74328571428571e-10
1368000,1.46021428571429e-07
1371600,8.92214285714286e-07
1375200,2.05714285714286e-06
1378800,3.65857142857143e-06
1382400,4.91214285714286e-06
1386000,5.62142857142857e-06
1389600,5.67928571428571e-06
1393200,4.925e-06
1396800,3.925e-06
1400400,2.28857142857143e-06
1404000,9.19214285714286e-07
1407600,1.20342857142857e-07
1411200,2.674e-10
1414800,3.432e-11
1418400,3.04461538461538e-11
1422000,1.055e-10
1425600,1.07950714285714e-10
1429200,5.26535714285714e-11
1432800,7.82285714285714e-11
1436400,1.24728571428571e-10
1440000,4.73378571428571e-11
1443600,4.46492857142857e-11
1447200,6.761e-11
1450800,4.74328571428571e-10
1454400,1.46021428571429e-07
1458000,8.92214285714286e-07
1461600,2.05714285714286e-06
1465200,3.65857142857143e-06
1468800,4.91214285714286e-06
1472400,5.62142857142857e-06
1476000,5.67928571428571e-06
1479600,4.925e-06
1483200,3.925e-06
1486800,2.28857142857143e-06
1490400,9.19214285714286e-07
1494000,1.20342857142857e-07
1497600,2.674e-10
1501200,3.432e-11
1504800,3.04461538461538e-11
1508400,1.055e-10
1512000,1e-10
1515600,1e-10
1519200,1e-10
1522800,1e-10
1526400,1.16e-11
1530000,1e-10
1533600,1e-10
1537200,3.07e-10
1540800,1.48e-07
1544400,7.66e-07
1548000,9.4e-07
1551600,2.12e-06
1555200,3.9e-06
1558800,5.28e-06
1562400,5e-06
1566000,4.08e-06
1569600,2.36e-06
1573200,1.15e-06
1576800,5.57e-07
1580400,8.79e-08
1584000,1e-10
1587600,1e-10
1591200,1e-10
1594800,1.86e-11
1598400,1.1e-10
1602000,1e-10
1605600,1.61e-10
1609200,2.14e-11
1612800,6.84e-11
1616400,1.09e-10
1620000,4.39e-11
1623600,4.07e-10
1627200,8.15e-08
1630800,4.96e-07
1634400,1.11e-06
1638000,3.66e-06
1641600,5.04e-06
1645200,4.29e-06
1648800,5.71e-06
1652400,4.94e-06
1656000,3.78e-06
1659600,1.82e-06
1663200,5.87e-07
1666800,7.14e-08
1670400,1.46e-10
1674000,1.14e-10
1677600,1e-10
1681200,1.44e-11
1684800,6.92e-11
1688400,1e-10
1692000,1.89e-10
1695600,1.47e-10
1699200,1e-10
1702800,2.74e-11
1706400,1e-10
1710000,2.88e-10
1713600,9.19e-08
1717200,7.36e-07
1720800,1.7e-06
1724400,3.49e-06
1728000,3.99e-06
1731600,5.08e-06
1735200,3.48e-06
1738800,4.63e-06
1742400,4.09e-06
1746000,2.48e-06
1749600,7.97e-07
1753200,1.22e-07
1756800,2.06e-10
1760400,1.35e-10
1764000,5.77e-11
1767600,7.85e-11
1771200,2.51e-11
1774800,6.32e-11
1778400,6.34e-11
1782000,1e-10
1785600,5.8e-11
1789200,8.74e-11
1792800,1e-10
1796400,9.2e-10
1800000,1.76e-07
1803600,1.08e-06
1807200,2.23e-06
1810800,3.89e-06
1814400,5.19e-06
1818000,5.78e-06
1821600,5.8e-06
1825200,5.23e-06
1828800,4.21e-06
1832400,2.03e-06
1836000,8.2e-07
1839600,1.34e-07
1843200,9.9e-11
1846800,1.94e-11
1850400,1.06e-10
1854000,1.02e-10
1857600,1.07e-10
1861200,1.5e-10
1864800,3.05e-11
1868400,1.54e-10
1872000,1e-10
1875600,1.75e-10
1879200,1.28e-10
1882800,9.09e-10
1886400,1.57e-07
1890000,7.87e-07
1893600,2.04e-06
1897200,3.96e-06
1900800,5.14e-06
1904400,5.72e-06
1908000,5.78e-06
1911600,4.83e-06
1915200,3.68e-06
1918800,1.86e-06
1922400,6.81e-07
1926000,9.91e-08
1929600,4.44e-10
1933200,1.09e-10
1936800,1e-10
1940400,1.85e-10
1944000,9.24e-11
1947600,1e-10
1951200,1.84e-10
1954800,1.66e-10
1958400,1e-10
1962000,1e-10
1965600,9.68e-11
1969200,1.22e-09
1972800,2.42e-07
1976400,1.19e-06
1980000,2.48e-06
1983600,4.45e-06
1987200,5.53e-06
1990800,6.44e-06
1994400,6.74e-06
1998000,6.33e-06
2001600,5.24e-06
2005200,3.34e-06
2008800,1.38e-06
2012400,1.9e-07
2016000,3.11e-10
2019600,1e-10
2023200,1e-10
2026800,1e-10
