0,2.48e-05
3600,2.86e-05
7200,2.72e-05
10800,2.6e-05
14400,2.03e-05
18000,1.34e-05
21600,5.74e-06
25200,7e-07
28800,8.91e-10
32400,1e-10
36000,1.16e-09
39600,5.49e-10
43200,7.83e-12
46800,1e-10
50400,1e-10
54000,5.44e-10
57600,7e-12
61200,1e-10
64800,4e-10
68400,1.29e-09
72000,5.1e-07
75600,4.32e-06
79200,7.16e-06
82800,1.8e-05
86400,2.48e-05
90000,2.86e-05
93600,2.72e-05
97200,2.6e-05
100800,2.03e-05
104400,1.34e-05
108000,5.74e-06
111600,7e-07
115200,8.91e-10
118800,1e-10
122400,1.16e-09
126000,5.49e-10
129600,7.83e-12
133200,1e-10
136800,1e-10
140400,5.44e-10
144000,7e-12
147600,1e-10
151200,4e-10
154800,1.29e-09
158400,5.1e-07
162000,4.32e-06
165600,7.16e-06
169200,1.8e-05
172800,2.48e-05
176400,2.86e-05
180000,2.72e-05
183600,2.6e-05
187200,2.03e-05
190800,1.34e-05
194400,5.74e-06
198000,7e-07
201600,8.91e-10
205200,1e-10
208800,1.16e-09
212400,5.49e-10
216000,7.83e-12
219600,1e-10
223200,1e-10
226800,5.44e-10
230400,7e-12
234000,1e-10
237600,4e-10
241200,1.29e-09
244800,5.1e-07
248400,4.32e-06
252000,7.16e-06
255600,1.8e-05
259200,2.48e-05
262800,2.86e-05
266400,2.72e-05
270000,2.6e-05
273600,2.03e-05
277200,1.34e-05
280800,5.74e-06
284400,7e-07
288000,8.91e-10
291600,1e-10
295200,1.16e-09
298800,5.49e-10
302400,7.83e-12
306000,1e-10
309600,1e-10
313200,5.44e-10
316800,7e-12
320400,1e-10
324000,4e-10
327600,1.29e-09
331200,5.1e-07
334800,4.32e-06
338400,7.16e-06
342000,1.8e-05
345600,2.48e-05
349200,2.86e-05
352800,2.72e-05
356400,2.6e-05
360000,2.03e-05
363600,1.34e-05
367200,5.74e-06
370800,7e-07
374400,8.91e-10
378000,1e-10
381600,1.16e-09
385200,5.49e-10
388800,7.29e-10
392400,3.09e-10
396000,5.05e-10
399600,4.38e-10
403200,3e-10
406800,3.06e-11
410400,5.23e-10
414000,7.09e-10
417600,9.05e-07
421200,5.38e-06
424800,1.24e-05
428400,1.86e-05
432000,2.2e-05
435600,2.69e-05
439200,2.58e-05
442800,2.07e-05
446400,1.3e-05
450000,9.16e-06
453600,3.65e-06
457200,4.67e-07
460800,4.34e-10
464400,6.15e-10
468000,9.02e-10
471600,4.48e-10
475200,8.8e-10
478800,1.21e-09
482400,6.26e-10
486000,1.56e-09
489600,1e-10
493200,3.84e-10
496800,8.3e-11
500400,1.36e-09
504000,6.22e-07
507600,3.39e-06
511200,1.03e-05
514800,1.53e-05
518400,2.35e-05
522000,2.66e-05
525600,2.8e-05
529200,2.55e-05
532800,2.06e-05
536400,1.51e-05
540000,6.45e-06
543600,7.92e-07
547200,1.96e-09
550800,1e-10
554400,7.97e-10
558000,1.13e-09
561600,6.42e-10
565200,7.76e-10
568800,9.74e-10
572400,2.15e-10
576000,7.09e-10
579600,1.16e-10
583200,7.1e-10
586800,1.68e-09
590400,1.15e-06
594000,6.56e-06
597600,1.53e-05
601200,2.04e-05
604800,2.83e-05
608400,3.19e-05
612000,3.1e-05
615600,2.65e-05
619200,2.35e-05
622800,1.48e-05
626400,7.21e-06
630000,8.95e-07
633600,7.82e-10
637200,1e-10
640800,1e-10
644400,8.34e-10
648000,5.48e-10
651600,2.63e-10
655200,4.01e-10
658800,9.42e-10
662400,2.1e-10
666000,5.93e-10
669600,1.52e-10
673200,2.23e-09
676800,1.17e-06
680400,6e-06
684000,1.16e-05
687600,1.45e-05
691200,1.9e-05
694800,2.08e-05
698400,2.23e-05
702000,1.98e-05
705600,1.77e-05
709200,8.84e-06
712800,4.84e-06
716400,5.91e-07
720000,9.67e-10
723600,9.16e-10
727200,1e-10
730800,7.86e-10
734400,9.04e-10
738000,2.09e-10
741600,1e-10
745200,5.69e-10
748800,5.25e-10
752400,1.5e-10
756000,1.33e-09
759600,1.25e-09
763200,4.38e-07
766800,2.85e-06
770400,5.17e-06
774000,9.21e-06
777600,1.33e-05
781200,1.77e-05
784800,2.26e-05
788400,8.75e-06
792000,7.36e-06
795600,5.25e-06
799200,1.93e-06
802800,3.58e-07
806400,1.55e-09
810000,4.15e-10
813600,2.05e-10
817200,7.23e-10
820800,9.88e-10
824400,5.74e-10
828000,6.73e-10
831600,1.1e-09
835200,6.72e-10
838800,1.93e-10
842400,1e-10
846000,2.4e-09
849600,8.73e-07
853200,5.6e-06
856800,1.75e-05
860400,2.57e-05
864000,3.03e-05
867600,3.23e-05
871200,3.15e-05
874800,2.93e-05
878400,2.49e-05
882000,1.53e-05
885600,6.2e-06
889200,8.41e-07
892800,2.41e-09
896400,2.22e-10
9e+05,6.09e-10
903600,5.95e-10
907200,8.47e-10
910800,1e-10
914400,4.8e-10
918000,1.37e-09
921600,1.18e-09
925200,6.79e-10
928800,4.46e-10
932400,4.02e-09
936000,1.04e-06
939600,7.06e-06
943200,1.63e-05
946800,2.42e-05
950400,2.91e-05
954000,3.13e-05
957600,3.15e-05
961200,2.68e-05
964800,2.43e-05
968400,1.4e-05
972000,6.45e-06
975600,9.05e-07
979200,3e-09
982800,6.06e-11
986400,1.37692307692308e-10
990000,4.97592307692308e-10
993600,5.10702142857143e-10
997200,2.42607142857143e-10
1000800,3.66857142857143e-10
1004400,5.89271428571429e-10
1008000,2.15735714285714e-10
1011600,2.03971428571429e-10
1015200,3.12214285714286e-10
1018800,2.85707142857143e-09
1022400,8.49714285714286e-07
1026000,4.92928571428571e-06
1029600,1.08085714285714e-05
1033200,1.81721428571429e-05
1036800,2.35214285714286e-05
1040400,2.645e-05
1044000,2.66071428571429e-05
1047600,2.3225e-05
1051200,1.88328571428571e-05
1054800,1.13157142857143e-05
1058400,4.82571428571429e-06
1062000,6.78357142857143e-07
1065600,1.27528571428571e-09
1069200,1.46228571428571e-10
1072800,1.37692307692308e-10
1076400,4.97592307692308e-10
1080000,5.10702142857143e-10
1083600,2.42607142857143e-10
1087200,3.66857142857143e-10
1090800,5.89271428571429e-10
1094400,2.15735714285714e-10
1098000,2.03971428571429e-10
1101600,3.12214285714286e-10
1105200,2.85707142857143e-09
1108800,8.49714285714286e-07
1112400,4.92928571428571e-06
1116000,1.08085714285714e-05
1119600,1.81721428571429e-05
1123200,2.35214285714286e-05
1126800,2.645e-05
1130400,2.66071428571429e-05
1134000,2.3225e-05
1137600,1.88328571428571e-05
1141200,1.13157142857143e-05
1144800,4.82571428571429e-06
1148400,6.78357142857143e-07
1152000,1.27528571428571e-09
1155600,1.46228571428571e-10
1159200,1.37692307692308e-10
1162800,4.97592307692308e-10
1166400,5.10702142857143e-10
1170000,2.42607142857143e-10
1173600,3.66857142857143e-10
1177200,5.89271428571429e-10
1180800,2.15735714285714e-10
1184400,2.03971428571429e-10
1188000,3.12214285714286e-10
1191600,2.85707142857143e-09
1195200,8.49714285714286e-07
1198800,4.92928571428571e-06
1202400,1.08085714285714e-05
1206000,1.81721428571429e-05
1209600,2.35214285714286e-05
1213200,2.645e-05
1216800,2.66071428571429e-05
1220400,2.3225e-05
1224000,1.88328571428571e-05
1227600,1.13157142857143e-05
1231200,4.82571428571429e-06
1234800,6.78357142857143e-07
1238400,1.27528571428571e-09
1242000,1.46228571428571e-10
1245600,1.37692307692308e-10
1249200,4.97592307692308e-10
1252800,5.10702142857143e-10
1256400,2.42607142857143e-10
1260000,3.66857142857143e-10
1263600,5.89271428571429e-10
1267200,2.15735714285714e-10
1270800,2.03971428571429e-10
1274400,3.12214285714286e-10
1278000,2.85707142857143e-09
1281600,8.49714285714286e-07
1285200,4.92928571428571e-06
1288800,1.08085714285714e-05
1292400,1.81721428571429e-05
1296000,2.35214285714286e-05
1299600,2.645e-05
1303200,2.66071428571429e-05
1306800,2.3225e-05
1310400,1.88328571428571e-05
1314000,1.13157142857143e-05
1317600,4.82571428571429e-06
1321200,6.78357142857143e-07
1324800,1.27528571428571e-09
1328400,1.46228571428571e-10
1332000,1.37692307692308e-10
1335600,4.97592307692308e-10
1339200,5.10702142857143e-10
1342800,2.42607142857143e-10
1346400,3.66857142857143e-10
1350000,5.89271428571429e-10
1353600,2.15735714285714e-10
1357200,2.03971428571429e-10
1360800,3.12214285714286e-10
1364400,2.85707142857143e-09
1368000,8.49714285714286e-07
1371600,4.92928571428571e-06
1375200,1.08085714285714e-05
1378800,1.81721428571429e-05
1382400,2.35214285714286e-05
1386000,2.645e-05
1389600,2.66071428571429e-05
1393200,2.3225e-05
1396800,1.88328571428571e-05
1400400,1.13157142857143e-05
1404000,4.82571428571429e-06
1407600,6.78357142857143e-07
1411200,1.27528571428571e-09
1414800,1.46228571428571e-10
1418400,1.37692307692308e-10
1422000,4.97592307692308e-10
1425600,5.10702142857143e-10
1429200,2.42607142857143e-10
1432800,3.66857142857143e-10
1436400,5.89271428571429e-10
1440000,2.15735714285714e-10
1443600,2.03971428571429e-10
1447200,3.12214285714286e-10
1450800,2.85707142857143e-09
1454400,8.49714285714286e-07
1458000,4.92928571428571e-06
1461600,1.08085714285714e-05
1465200,1.81721428571429e-05
1468800,2.35214285714286e-05
1472400,2.645e-05
1476000,2.66071428571429e-05
1479600,2.3225e-05
1483200,1.88328571428571e-05
1486800,1.13157142857143e-05
1490400,4.82571428571429e-06
1494000,6.78357142857143e-07
1497600,1.27528571428571e-09
1501200,1.46228571428571e-10
1504800,1.37692307692308e-10
1508400,4.97592307692308e-10
1512000,1e-10
1515600,1e-10
1519200,1e-10
1522800,1e-10
1526400,4.33e-11
1530000,1e-10
1533600,1e-10
1537200,2.06e-09
1540800,8.56e-07
1544400,4.3e-06
1548000,5.02e-06
1551600,1.07e-05
1555200,1.88e-05
1558800,2.51e-05
1562400,2.36e-05
1566000,1.93e-05
1569600,1.13e-05
1573200,5.61e-06
1576800,2.9e-06
1580400,4.86e-07
1584000,1e-10
1587600,1e-10
1591200,1e-10
1594800,7.73e-11
1598400,5.26e-10
1602000,1e-10
1605600,7.63e-10
1609200,9.18e-11
1612800,3.25e-10
1616400,5.18e-10
1620000,2.04e-10
1623600,2.71e-09
1627200,4.82e-07
1630800,2.72e-06
1634400,5.75e-06
1638000,1.84e-05
1641600,2.45e-05
1645200,2.04e-05
1648800,2.69e-05
1652400,2.34e-05
1656000,1.82e-05
1659600,8.95e-06
1663200,3e-06
1666800,3.99e-07
1670400,7.72e-10
1674000,5.34e-10
1677600,1e-10
1681200,6.34e-11
1684800,3.27e-10
1688400,1e-10
1692000,9.12e-10
1695600,6.98e-10
1699200,1e-10
1702800,1.27e-10
1706400,1e-10
1710000,1.65e-09
1713600,5.22e-07
1717200,4e-06
1720800,9.02e-06
1724400,1.77e-05
1728000,1.93e-05
1731600,2.42e-05
1735200,1.64e-05
1738800,2.2e-05
1742400,1.97e-05
1746000,1.24e-05
1749600,4.18e-06
1753200,6.9e-07
1756800,1.08e-09
1760400,6.45e-10
1764000,2.7e-10
1767600,3.67e-10
1771200,1.1e-10
1774800,2.98e-10
1778400,3.03e-10
1782000,1e-10
1785600,2.63e-10
1789200,4.11e-10
1792800,1e-10
1796400,5.79e-09
1800000,1.04e-06
1803600,6.07e-06
1807200,1.2e-05
1810800,1.96e-05
1814400,2.51e-05
1818000,2.73e-05
1821600,2.72e-05
1825200,2.47e-05
1828800,2.02e-05
1832400,1e-05
1836000,4.27e-06
1839600,7.49e-07
1843200,5.99e-10
1846800,8.03e-11
1850400,5.02e-10
1854000,4.77e-10
1857600,5.08e-10
1861200,7.11e-10
1864800,1.38e-10
1868400,7.36e-10
1872000,1e-10
1875600,8.34e-10
1879200,6e-10
1882800,5.31e-09
1886400,8.88e-07
1890000,4.24e-06
1893600,1.07e-05
1897200,1.99e-05
1900800,2.48e-05
1904400,2.7e-05
1908000,2.71e-05
1911600,2.28e-05
1915200,1.76e-05
1918800,9.11e-06
1922400,3.48e-06
1926000,5.44e-07
1929600,2.16e-09
1933200,5.03e-10
1936800,1e-10
1940400,8.83e-10
1944000,4.33e-10
1947600,1e-10
1951200,8.76e-10
1954800,7.92e-10
1958400,1e-10
1962000,1e-10
1965600,4.48e-10
1969200,7.54e-09
1972800,1.4e-06
1976400,6.52e-06
1980000,1.31e-05
1983600,2.22e-05
1987200,2.65e-05
1990800,3.02e-05
1994400,3.14e-05
1998000,2.96e-05
2001600,2.5e-05
2005200,1.65e-05
2008800,7.26e-06
2012400,1.08e-06
2016000,1.66e-09
2019600,1e-10
2023200,1e-10
2026800,1e-10
