0,6.42e-05
3600,7.28e-05
7200,6.85e-05
10800,6.68e-05
14400,5.43e-05
18000,3.92e-05
21600,1.94e-05
25200,2.59e-06
28800,2.04e-09
32400,1e-10
36000,2.53e-09
39600,1.19e-09
43200,1e-10
46800,1e-10
50400,1e-10
54000,1.12e-09
57600,1e-10
61200,1e-10
64800,7.98e-10
68400,3.94e-09
72000,1.84e-06
75600,1.38e-05
79200,2.1e-05
82800,4.98e-05
86400,6.42e-05
90000,7.28e-05
93600,6.85e-05
97200,6.68e-05
100800,5.43e-05
104400,3.92e-05
108000,1.94e-05
111600,2.59e-06
115200,2.04e-09
118800,1e-10
122400,2.53e-09
126000,1.19e-09
129600,1e-10
133200,1e-10
136800,1e-10
140400,1.12e-09
144000,1e-10
147600,1e-10
151200,7.98e-10
154800,3.94e-09
158400,1.84e-06
162000,1.38e-05
165600,2.1e-05
169200,4.98e-05
172800,6.42e-05
176400,7.28e-05
180000,6.85e-05
183600,6.68e-05
187200,5.43e-05
190800,3.92e-05
194400,1.94e-05
198000,2.59e-06
201600,2.04e-09
205200,1e-10
208800,2.53e-09
212400,1.19e-09
216000,1e-10
219600,1e-10
223200,1e-10
226800,1.12e-09
230400,1e-10
234000,1e-10
237600,7.98e-10
241200,3.94e-09
244800,1.84e-06
248400,1.38e-05
252000,2.1e-05
255600,4.98e-05
259200,6.42e-05
262800,7.28e-05
266400,6.85e-05
270000,6.68e-05
273600,5.43e-05
277200,3.92e-05
280800,1.94e-05
284400,2.59e-06
288000,2.04e-09
291600,1e-10
295200,2.53e-09
298800,1.19e-09
302400,1e-10
306000,1e-10
309600,1e-10
313200,1.12e-09
316800,1e-10
320400,1e-10
324000,7.98e-10
327600,3.94e-09
331200,1.84e-06
334800,1.38e-05
338400,2.1e-05
342000,4.98e-05
345600,6.42e-05
349200,7.28e-05
352800,6.85e-05
356400,6.68e-05
360000,5.43e-05
363600,3.92e-05
367200,1.94e-05
370800,2.59e-06
374400,2.04e-09
378000,1e-10
381600,2.53e-09
385200,1.19e-09
388800,1.59e-09
392400,6.39e-10
396000,1.02e-09
399600,9.15e-10
403200,5.8e-10
406800,7.72e-12
410400,1.1e-09
414000,3.47e-09
417600,3.26e-06
421200,1.85e-05
424800,3.88e-05
428400,5.23e-05
432000,5.78e-05
435600,6.91e-05
439200,6.64e-05
442800,5.41e-05
446400,3.41e-05
450000,2.58e-05
453600,1.11e-05
457200,1.56e-06
460800,9.58e-10
464400,1.13e-09
468000,1.95e-09
471600,9.43e-10
475200,1.9e-09
478800,2.64e-09
482400,1.34e-09
486000,3.41e-09
489600,1e-10
493200,7.52e-10
496800,1.02e-10
500400,4.29e-09
504000,2.13e-06
507600,1.04e-05
511200,3.11e-05
514800,4.13e-05
518400,6.05e-05
522000,6.76e-05
525600,7.14e-05
529200,6.61e-05
532800,5.54e-05
536400,4.45e-05
540000,2.2e-05
543600,2.96e-06
547200,4.2e-09
550800,1e-10
554400,1.71e-09
558000,2.49e-09
561600,1.37e-09
565200,1.67e-09
568800,2.13e-09
572400,4.35e-10
576000,1.5e-09
579600,1.95e-10
583200,1.48e-09
586800,7.04e-09
590400,4.47e-06
594000,2.24e-05
597600,4.68e-05
601200,5.5e-05
604800,7.29e-05
608400,8e-05
612000,7.78e-05
615600,6.64e-05
619200,6.17e-05
622800,4.19e-05
626400,2.37e-05
630000,3.21e-06
633600,1.91e-09
637200,1e-10
640800,1e-10
644400,1.78e-09
648000,1.17e-09
651600,5.47e-10
655200,8.45e-10
658800,2.05e-09
662400,4.12e-10
666000,1.28e-09
669600,2.74e-10
673200,7.59e-09
676800,4.25e-06
680400,1.97e-05
684000,3.41e-05
687600,3.8e-05
691200,4.81e-05
694800,5.17e-05
698400,5.53e-05
702000,5.01e-05
705600,4.58e-05
709200,2.37e-05
712800,1.46e-05
716400,1.93e-06
720000,2.05e-09
723600,1.88e-09
727200,1e-10
730800,1.68e-09
734400,1.94e-09
738000,3.6e-10
741600,1e-10
745200,1.19e-09
748800,1.12e-09
752400,2.96e-10
756000,2.89e-09
759600,3.66e-09
763200,1.44e-06
766800,8.65e-06
770400,1.44e-05
774000,2.41e-05
777600,3.37e-05
781200,4.44e-05
784800,5.66e-05
788400,2.18e-05
792000,1.87e-05
795600,1.38e-05
799200,5.46e-06
802800,1.16e-06
806400,3.13e-09
810000,7.95e-10
813600,3.8e-10
817200,1.53e-09
820800,2.16e-09
824400,1.23e-09
828000,1.43e-09
831600,2.42e-09
835200,1.42e-09
838800,3.59e-10
842400,1e-10
846000,7.35e-09
849600,2.91e-06
853200,1.77e-05
856800,5.34e-05
860400,7.02e-05
864000,7.8e-05
867600,8.07e-05
871200,7.87e-05
874800,7.43e-05
878400,6.63e-05
882000,4.3e-05
885600,1.95e-05
889200,3.03e-06
892800,5.02e-09
896400,4.08e-10
9e+05,1.32e-09
903600,1.28e-09
907200,1.87e-09
910800,1e-10
914400,1.01e-09
918000,3.02e-09
921600,2.57e-09
925200,1.42e-09
928800,9.42e-10
932400,1.48e-08
936000,3.87e-06
939600,2.39e-05
943200,4.97e-05
946800,6.58e-05
950400,7.46e-05
954000,7.83e-05
957600,7.86e-05
961200,6.74e-05
964800,6.45e-05
968400,3.95e-05
972000,2.12e-05
975600,3.38e-06
979200,6.17e-09
982800,1.27e-10
986400,2.59384615384615e-10
990000,1.05384615384615e-09
993600,1.08357142857143e-09
997200,4.8395e-10
1000800,7.63428571428571e-10
1004400,1.25842857142857e-09
1008000,4.1135e-10
1011600,3.93551428571429e-10
1015200,6.24064285714286e-10
1018800,1.0785e-08
1022400,3.03928571428571e-06
1026000,1.61542857142857e-05
1029600,3.26857142857143e-05
1033200,5.02571428571429e-05
1036800,6.12571428571429e-05
1040400,6.71357142857143e-05
1044000,6.73e-05
1047600,5.95071428571429e-05
1051200,5.00714285714286e-05
1054800,3.20142857142857e-05
1058400,1.53278571428571e-05
1062000,2.39428571428571e-06
1065600,3.15992857142857e-09
1069200,2.39428571428571e-10
1072800,2.59384615384615e-10
1076400,1.05384615384615e-09
1080000,1.08357142857143e-09
1083600,4.8395e-10
1087200,7.63428571428571e-10
1090800,1.25842857142857e-09
1094400,4.1135e-10
1098000,3.93551428571429e-10
1101600,6.24064285714286e-10
1105200,1.0785e-08
1108800,3.03928571428571e-06
1112400,1.61542857142857e-05
1116000,3.26857142857143e-05
1119600,5.02571428571429e-05
1123200,6.12571428571429e-05
1126800,6.71357142857143e-05
1130400,6.73e-05
1134000,5.95071428571429e-05
1137600,5.00714285714286e-05
1141200,3.20142857142857e-05
1144800,1.53278571428571e-05
1148400,2.39428571428571e-06
1152000,3.15992857142857e-09
1155600,2.39428571428571e-10
1159200,2.59384615384615e-10
1162800,1.05384615384615e-09
1166400,1.08357142857143e-09
1170000,4.8395e-10
1173600,7.63428571428571e-10
1177200,1.25842857142857e-09
1180800,4.1135e-10
1184400,3.93551428571429e-10
1188000,6.24064285714286e-10
1191600,1.0785e-08
1195200,3.03928571428571e-06
1198800,1.61542857142857e-05
1202400,3.26857142857143e-05
1206000,5.02571428571429e-05
1209600,6.12571428571429e-05
1213200,6.71357142857143e-05
1216800,6.73e-05
1220400,5.95071428571429e-05
1224000,5.00714285714286e-05
1227600,3.20142857142857e-05
1231200,1.53278571428571e-05
1234800,2.39428571428571e-06
1238400,3.15992857142857e-09
1242000,2.39428571428571e-10
1245600,2.59384615384615e-10
1249200,1.05384615384615e-09
1252800,1.08357142857143e-09
1256400,4.8395e-10
1260000,7.63428571428571e-10
1263600,1.25842857142857e-09
1267200,4.1135e-10
1270800,3.93551428571429e-10
1274400,6.24064285714286e-10
1278000,1.0785e-08
1281600,3.03928571428571e-06
1285200,1.61542857142857e-05
1288800,3.26857142857143e-05
1292400,5.02571428571429e-05
1296000,6.12571428571429e-05
1299600,6.71357142857143e-05
1303200,6.73e-05
1306800,5.95071428571429e-05
1310400,5.00714285714286e-05
1314000,3.20142857142857e-05
1317600,1.53278571428571e-05
1321200,2.39428571428571e-06
1324800,3.15992857142857e-09
1328400,2.39428571428571e-10
1332000,2.59384615384615e-10
1335600,1.05384615384615e-09
1339200,1.08357142857143e-09
1342800,4.8395e-10
1346400,7.63428571428571e-10
1350000,1.25842857142857e-09
1353600,4.1135e-10
1357200,3.93551428571429e-10
1360800,6.24064285714286e-10
1364400,1.0785e-08
1368000,3.03928571428571e-06
1371600,1.61542857142857e-05
1375200,3.26857142857143e-05
1378800,5.02571428571429e-05
1382400,6.12571428571429e-05
1386000,6.71357142857143e-05
1389600,6.73e-05
1393200,5.95071428571429e-05
1396800,5.00714285714286e-05
1400400,3.20142857142857e-05
1404000,1.53278571428571e-05
1407600,2.39428571428571e-06
1411200,3.15992857142857e-09
1414800,2.39428571428571e-10
1418400,2.59384615384615e-10
1422000,1.05384615384615e-09
1425600,1.08357142857143e-09
1429200,4.8395e-10
1432800,7.63428571428571e-10
1436400,1.25842857142857e-09
1440000,4.1135e-10
1443600,3.93551428571429e-10
1447200,6.24064285714286e-10
1450800,1.0785e-08
1454400,3.03928571428571e-06
1458000,1.61542857142857e-05
1461600,3.26857142857143e-05
1465200,5.02571428571429e-05
1468800,6.12571428571429e-05
1472400,6.71357142857143e-05
1476000,6.73e-05
1479600,5.95071428571429e-05
1483200,5.00714285714286e-05
1486800,3.20142857142857e-05
1490400,1.53278571428571e-05
1494000,2.39428571428571e-06
1497600,3.15992857142857e-09
1501200,2.39428571428571e-10
1504800,2.59384615384615e-10
1508400,1.05384615384615e-09
1512000,1e-10
1515600,1e-10
1519200,1e-10
1522800,1e-10
1526400,3.62e-11
1530000,1e-10
1533600,1e-10
1537200,9.19e-09
1540800,3e-06
1544400,1.48e-05
1548000,1.55e-05
1551600,3.1e-05
1555200,4.97e-05
1558800,6.49e-05
1562400,6.09e-05
1566000,5.02e-05
1569600,3e-05
1573200,1.53e-05
1576800,8.82e-06
1580400,1.62e-06
1584000,1.41e-10
1587600,1e-10
1591200,1e-10
1594800,1.08e-10
1598400,1.14e-09
1602000,1e-10
1605600,1.66e-09
1609200,1.42e-10
1612800,7e-10
1616400,1.13e-09
1620000,4.27e-10
1623600,1.18e-08
1627200,1.81e-06
1630800,8.71e-06
1634400,1.66e-05
1638000,5.2e-05
1641600,6.58e-05
1645200,5.27e-05
1648800,6.91e-05
1652400,6.08e-05
1656000,4.89e-05
1659600,2.49e-05
1663200,8.81e-06
1666800,1.37e-06
1670400,2.37e-09
1674000,1.12e-09
1677600,1e-10
1681200,1.17e-10
1684800,6.95e-10
1688400,1e-10
1692000,2.03e-09
1695600,1.51e-09
1699200,1e-10
1702800,2.52e-10
1706400,1e-10
1710000,5.66e-09
1713600,1.74e-06
1717200,1.24e-05
1720800,2.76e-05
1724400,5.1e-05
1728000,5.13e-05
1731600,6.31e-05
1735200,4.22e-05
1738800,5.79e-05
1742400,5.4e-05
1746000,3.63e-05
1749600,1.33e-05
1753200,2.46e-06
1756800,3.36e-09
1760400,1.4e-09
1764000,5.55e-10
1767600,7.62e-10
1771200,1.79e-10
1774800,6.25e-10
1778400,6.52e-10
1782000,1e-10
1785600,5.1e-10
1789200,8.6e-10
1792800,1e-10
1796400,2.37e-08
1800000,3.88e-06
1803600,2.11e-05
1807200,3.77e-05
1810800,5.58e-05
1814400,6.69e-05
1818000,7e-05
1821600,6.98e-05
1825200,6.39e-05
1828800,5.49e-05
1832400,2.85e-05
1836000,1.33e-05
1839600,2.55e-06
1843200,2.29e-09
1846800,1.16e-10
1850400,1.08e-09
1854000,1.01e-09
1857600,1.08e-09
1861200,1.52e-09
1864800,2.52e-10
1868400,1.61e-09
1872000,1e-10
1875600,1.81e-09
1879200,1.26e-09
1882800,1.88e-08
1886400,2.95e-06
1890000,1.29e-05
1893600,3.21e-05
1897200,5.6e-05
1900800,6.54e-05
1904400,6.88e-05
1908000,6.91e-05
1911600,5.9e-05
1915200,4.68e-05
1918800,2.52e-05
1922400,1.02e-05
1926000,1.77e-06
1929600,5.48e-09
1933200,9.99e-10
1936800,1e-10
1940400,1.91e-09
1944000,8.87e-10
1947600,1e-10
1951200,1.9e-09
1954800,1.72e-09
1958400,1e-10
1962000,1e-10
1965600,9.03e-10
1969200,2.97e-08
1972800,5e-06
1976400,2.12e-05
1980000,3.88e-05
1983600,6.13e-05
1987200,6.87e-05
1990800,7.58e-05
1994400,7.78e-05
1998000,7.43e-05
2001600,6.56e-05
2005200,4.66e-05
2008800,2.32e-05
2012400,3.93e-06
2016000,5.12e-09
2019600,1e-10
2023200,1e-10
2026800,1e-10
