0,7.59e-05
3600,8.65e-05
7200,8.15e-05
10800,7.94e-05
14400,6.45e-05
18000,4.65e-05
21600,2.33e-05
25200,3.08e-06
28800,2.39e-09
32400,1e-10
36000,2.83e-09
39600,1.33e-09
43200,1e-10
46800,1e-10
50400,1e-10
54000,1.25e-09
57600,1e-10
61200,1e-10
64800,8.94e-10
68400,4.5e-09
72000,2.14e-06
75600,1.59e-05
79200,2.44e-05
82800,5.85e-05
86400,7.59e-05
90000,8.65e-05
93600,8.15e-05
97200,7.94e-05
100800,6.45e-05
104400,4.65e-05
108000,2.33e-05
111600,3.08e-06
115200,2.39e-09
118800,1e-10
122400,2.83e-09
126000,1.33e-09
129600,1e-10
133200,1e-10
136800,1e-10
140400,1.25e-09
144000,1e-10
147600,1e-10
151200,8.94e-10
154800,4.5e-09
158400,2.14e-06
162000,1.59e-05
165600,2.44e-05
169200,5.85e-05
172800,7.59e-05
176400,8.65e-05
180000,8.15e-05
183600,7.94e-05
187200,6.45e-05
190800,4.65e-05
194400,2.33e-05
198000,3.08e-06
201600,2.39e-09
205200,1e-10
208800,2.83e-09
212400,1.33e-09
216000,1e-10
219600,1e-10
223200,1e-10
226800,1.25e-09
230400,1e-10
234000,1e-10
237600,8.94e-10
241200,4.5e-09
244800,2.14e-06
248400,1.59e-05
252000,2.44e-05
255600,5.85e-05
259200,7.59e-05
262800,8.65e-05
266400,8.15e-05
270000,7.94e-05
273600,6.45e-05
277200,4.65e-05
280800,2.33e-05
284400,3.08e-06
288000,2.39e-09
291600,1e-10
295200,2.83e-09
298800,1.33e-09
302400,1e-10
306000,1e-10
309600,1e-10
313200,1.25e-09
316800,1e-10
320400,1e-10
324000,8.94e-10
327600,4.5e-09
331200,2.14e-06
334800,1.59e-05
338400,2.44e-05
342000,5.85e-05
345600,7.59e-05
349200,8.65e-05
352800,8.15e-05
356400,7.94e-05
360000,6.45e-05
363600,4.65e-05
367200,2.33e-05
370800,3.08e-06
374400,2.39e-09
378000,1e-10
381600,2.83e-09
385200,1.33e-09
388800,1.78e-09
392400,7.03e-10
396000,1.14e-09
399600,1.03e-09
403200,6.49e-10
406800,1.15e-12
410400,1.22e-09
414000,4.07e-09
417600,3.77e-06
421200,2.16e-05
424800,4.56e-05
428400,6.16e-05
432000,6.84e-05
435600,8.22e-05
439200,7.91e-05
442800,6.44e-05
446400,4.03e-05
450000,3.04e-05
453600,1.3e-05
457200,1.81e-06
460800,1.12e-09
464400,1.32e-09
468000,2.18e-09
471600,1.06e-09
475200,2.14e-09
478800,2.96e-09
482400,1.51e-09
486000,3.84e-09
489600,1e-10
493200,8.39e-10
496800,1.08e-10
500400,4.85e-09
504000,2.43e-06
507600,1.19e-05
511200,3.63e-05
514800,4.84e-05
518400,7.15e-05
522000,8.04e-05
525600,8.51e-05
529200,7.88e-05
532800,6.58e-05
536400,5.3e-05
540000,2.64e-05
543600,3.52e-06
547200,4.94e-09
550800,1e-10
554400,1.93e-09
558000,2.79e-09
561600,1.53e-09
565200,1.88e-09
568800,2.38e-09
572400,4.85e-10
576000,1.68e-09
579600,2.05e-10
583200,1.66e-09
586800,8.28e-09
590400,5.29e-06
594000,2.61e-05
597600,5.48e-05
601200,6.43e-05
604800,8.61e-05
608400,9.5e-05
612000,9.25e-05
615600,7.86e-05
619200,7.31e-05
622800,4.95e-05
626400,2.82e-05
630000,3.77e-06
633600,2.2e-09
637200,1e-10
640800,1e-10
644400,2.01e-09
648000,1.3e-09
651600,6.08e-10
655200,9.52e-10
658800,2.3e-09
662400,4.58e-10
666000,1.44e-09
669600,3.01e-10
673200,8.68e-09
676800,4.91e-06
680400,2.28e-05
684000,3.96e-05
687600,4.45e-05
691200,5.68e-05
694800,6.14e-05
698400,6.58e-05
702000,5.94e-05
705600,5.42e-05
709200,2.78e-05
712800,1.71e-05
716400,2.22e-06
720000,2.4e-09
723600,2.15e-09
727200,1e-10
730800,1.88e-09
734400,2.18e-09
738000,4.05e-10
741600,1e-10
745200,1.33e-09
748800,1.26e-09
752400,3.36e-10
756000,3.25e-09
759600,4.13e-09
763200,1.62e-06
766800,9.84e-06
770400,1.66e-05
774000,2.81e-05
777600,3.97e-05
781200,5.26e-05
784800,6.73e-05
788400,2.57e-05
792000,2.2e-05
795600,1.62e-05
799200,6.32e-06
802800,1.33e-06
806400,3.66e-09
810000,9.14e-10
813600,4.21e-10
817200,1.72e-09
820800,2.42e-09
824400,1.39e-09
828000,1.61e-09
831600,2.72e-09
835200,1.58e-09
838800,3.96e-10
842400,1e-10
846000,8.31e-09
849600,3.3e-06
853200,2.03e-05
856800,6.25e-05
860400,8.23e-05
864000,9.2e-05
867600,9.56e-05
871200,9.33e-05
874800,8.8e-05
878400,7.84e-05
882000,5.07e-05
885600,2.3e-05
889200,3.56e-06
892800,5.92e-09
896400,4.7e-10
9e+05,1.48e-09
903600,1.44e-09
907200,2.09e-09
910800,1e-10
914400,1.13e-09
918000,3.39e-09
921600,2.89e-09
925200,1.6e-09
928800,1.05e-09
932400,1.72e-08
936000,4.54e-06
939600,2.78e-05
943200,5.79e-05
946800,7.7e-05
950400,8.8e-05
954000,9.27e-05
957600,9.32e-05
961200,7.97e-05
964800,7.63e-05
968400,4.66e-05
972000,2.52e-05
975600,4e-06
979200,7.25e-09
982800,1.24e-10
986400,2.85e-10
990000,1.18253846153846e-09
993600,1.21265e-09
997200,5.41428571428571e-10
1000800,8.54071428571429e-10
1004400,1.41321428571429e-09
1008000,4.58485714285714e-10
1011600,4.37010714285714e-10
1015200,6.95571428571429e-10
1018800,1.25042857142857e-08
1022400,3.51642857142857e-06
1026000,1.871e-05
1029600,3.80357142857143e-05
1033200,5.89071428571429e-05
1036800,7.23285714285714e-05
1040400,7.96857142857143e-05
1044000,8.00785714285714e-05
1047600,7.07285714285714e-05
1051200,5.93928571428571e-05
1054800,3.78571428571429e-05
1058400,1.813e-05
1062000,2.80642857142857e-06
1065600,3.68307142857143e-09
1069200,2.74357142857143e-10
1072800,2.85e-10
1076400,1.18253846153846e-09
1080000,1.21265e-09
1083600,5.41428571428571e-10
1087200,8.54071428571429e-10
1090800,1.41321428571429e-09
1094400,4.58485714285714e-10
1098000,4.37010714285714e-10
1101600,6.95571428571429e-10
1105200,1.25042857142857e-08
1108800,3.51642857142857e-06
1112400,1.871e-05
1116000,3.80357142857143e-05
1119600,5.89071428571429e-05
1123200,7.23285714285714e-05
1126800,7.96857142857143e-05
1130400,8.00785714285714e-05
1134000,7.07285714285714e-05
1137600,5.93928571428571e-05
1141200,3.78571428571429e-05
1144800,1.813e-05
1148400,2.80642857142857e-06
1152000,3.68307142857143e-09
1155600,2.74357142857143e-10
1159200,2.85e-10
1162800,1.18253846153846e-09
1166400,1.21265e-09
1170000,5.41428571428571e-10
1173600,8.54071428571429e-10
1177200,1.41321428571429e-09
1180800,4.58485714285714e-10
1184400,4.37010714285714e-10
1188000,6.95571428571429e-10
1191600,1.25042857142857e-08
1195200,3.51642857142857e-06
1198800,1.871e-05
1202400,3.80357142857143e-05
1206000,5.89071428571429e-05
1209600,7.23285714285714e-05
1213200,7.96857142857143e-05
1216800,8.00785714285714e-05
1220400,7.07285714285714e-05
1224000,5.93928571428571e-05
1227600,3.78571428571429e-05
1231200,1.813e-05
1234800,2.80642857142857e-06
1238400,3.68307142857143e-09
1242000,2.74357142857143e-10
1245600,2.85e-10
1249200,1.18253846153846e-09
1252800,1.21265e-09
1256400,5.41428571428571e-10
1260000,8.54071428571429e-10
1263600,1.41321428571429e-09
1267200,4.58485714285714e-10
1270800,4.37010714285714e-10
1274400,6.95571428571429e-10
1278000,1.25042857142857e-08
1281600,3.51642857142857e-06
1285200,1.871e-05
1288800,3.80357142857143e-05
1292400,5.89071428571429e-05
1296000,7.23285714285714e-05
1299600,7.96857142857143e-05
1303200,8.00785714285714e-05
1306800,7.07285714285714e-05
1310400,5.93928571428571e-05
1314000,3.78571428571429e-05
1317600,1.813e-05
1321200,2.80642857142857e-06
1324800,3.68307142857143e-09
1328400,2.74357142857143e-10
1332000,2.85e-10
1335600,1.18253846153846e-09
1339200,1.21265e-09
1342800,5.41428571428571e-10
1346400,8.54071428571429e-10
1350000,1.41321428571429e-09
1353600,4.58485714285714e-10
1357200,4.37010714285714e-10
1360800,6.95571428571429e-10
1364400,1.25042857142857e-08
1368000,3.51642857142857e-06
1371600,1.871e-05
1375200,3.80357142857143e-05
1378800,5.89071428571429e-05
1382400,7.23285714285714e-05
1386000,7.96857142857143e-05
1389600,8.00785714285714e-05
1393200,7.07285714285714e-05
1396800,5.93928571428571e-05
1400400,3.78571428571429e-05
1404000,1.813e-05
1407600,2.80642857142857e-06
1411200,3.68307142857143e-09
1414800,2.74357142857143e-10
1418400,2.85e-10
1422000,1.18253846153846e-09
1425600,1.21265e-09
1429200,5.41428571428571e-10
1432800,8.54071428571429e-10
1436400,1.41321428571429e-09
1440000,4.58485714285714e-10
1443600,4.37010714285714e-10
1447200,6.95571428571429e-10
1450800,1.25042857142857e-08
1454400,3.51642857142857e-06
1458000,1.871e-05
1461600,3.80357142857143e-05
1465200,5.89071428571429e-05
1468800,7.23285714285714e-05
1472400,7.96857142857143e-05
1476000,8.00785714285714e-05
1479600,7.07285714285714e-05
1483200,5.93928571428571e-05
1486800,3.78571428571429e-05
1490400,1.813e-05
1494000,2.80642857142857e-06
1497600,3.68307142857143e-09
1501200,2.74357142857143e-10
1504800,2.85e-10
1508400,1.18253846153846e-09
1512000,1e-10
1515600,1e-10
1519200,1e-10
1522800,1e-10
1526400,4.08e-11
1530000,1e-10
1533600,1e-10
1537200,1.07e-08
1540800,3.45e-06
1544400,1.73e-05
1548000,1.8e-05
1551600,3.64e-05
1555200,5.85e-05
1558800,7.71e-05
1562400,7.26e-05
1566000,5.97e-05
1569600,3.56e-05
1573200,1.79e-05
1576800,1.03e-05
1580400,1.87e-06
1584000,1.43e-10
1587600,1e-10
1591200,1e-10
1594800,1.2e-10
1598400,1.28e-09
1602000,1e-10
1605600,1.87e-09
1609200,1.58e-10
1612800,7.78e-10
1616400,1.27e-09
1620000,4.73e-10
1623600,1.38e-08
1627200,2.11e-06
1630800,1e-05
1634400,1.9e-05
1638000,6.08e-05
1641600,7.77e-05
1645200,6.25e-05
1648800,8.22e-05
1652400,7.25e-05
1656000,5.82e-05
1659600,2.94e-05
1663200,1.03e-05
1666800,1.58e-06
1670400,2.74e-09
1674000,1.27e-09
1677600,1e-10
1681200,1.31e-10
1684800,7.75e-10
1688400,1e-10
1692000,2.28e-09
1695600,1.7e-09
1699200,1e-10
1702800,2.7e-10
1706400,1e-10
1710000,6.54e-09
1713600,1.97e-06
1717200,1.42e-05
1720800,3.2e-05
1724400,5.99e-05
1728000,6.06e-05
1731600,7.5e-05
1735200,5.02e-05
1738800,6.9e-05
1742400,6.43e-05
1746000,4.32e-05
1749600,1.57e-05
1753200,2.89e-06
1756800,3.92e-09
1760400,1.57e-09
1764000,6.25e-10
1767600,8.52e-10
1771200,1.95e-10
1774800,6.94e-10
1778400,7.28e-10
1782000,1e-10
1785600,5.8e-10
1789200,9.65e-10
1792800,1e-10
1796400,2.78e-08
1800000,4.54e-06
1803600,2.48e-05
1807200,4.4e-05
1810800,6.56e-05
1814400,7.91e-05
1818000,8.31e-05
1821600,8.32e-05
1825200,7.63e-05
1828800,6.54e-05
1832400,3.37e-05
1836000,1.57e-05
1839600,2.95e-06
1843200,2.64e-09
1846800,1.37e-10
1850400,1.22e-09
1854000,1.13e-09
1857600,1.21e-09
1861200,1.72e-09
1864800,2.85e-10
1868400,1.82e-09
1872000,1e-10
1875600,2.03e-09
1879200,1.42e-09
1882800,2.16e-08
1886400,3.36e-06
1890000,1.48e-05
1893600,3.7e-05
1897200,6.56e-05
1900800,7.73e-05
1904400,8.17e-05
1908000,8.25e-05
1911600,7.04e-05
1915200,5.56e-05
1918800,2.98e-05
1922400,1.18e-05
1926000,2.04e-06
1929600,6.33e-09
1933200,1.12e-09
1936800,1e-10
1940400,2.15e-09
1944000,9.93e-10
1947600,1e-10
1951200,2.12e-09
1954800,1.93e-09
1958400,1e-10
1962000,1e-10
1965600,1.01e-09
1969200,3.46e-08
1972800,5.8e-06
1976400,2.46e-05
1980000,4.48e-05
1983600,7.17e-05
1987200,8.1e-05
1990800,8.98e-05
1994400,9.26e-05
1998000,8.83e-05
2001600,7.78e-05
2005200,5.53e-05
2008800,2.75e-05
2012400,4.67e-06
2016000,5.91e-09
2019600,1e-10
2023200,1e-10
2026800,1e-10
