0,0.00028482
3600,0.000318649
7200,0.000296905
10800,0.000296055
14400,0.000250691
18000,0.000197481
21600,0.000112293
25200,1.55e-05
28800,7.1e-09
32400,1e-10
36000,6.13e-09
39600,2.84e-09
43200,1e-10
46800,1e-10
50400,1e-10
54000,2.57e-09
57600,1e-10
61200,1e-10
64800,1.71e-09
68400,1.78e-08
72000,1.03e-05
75600,6.93e-05
79200,0.000100984
82800,0.000233416
86400,0.00028482
90000,0.000318649
93600,0.000296905
97200,0.000296055
100800,0.000250691
104400,0.000197481
108000,0.000112293
111600,1.55e-05
115200,7.1e-09
118800,1e-10
122400,6.13e-09
126000,2.84e-09
129600,1e-10
133200,1e-10
136800,1e-10
140400,2.57e-09
144000,1e-10
147600,1e-10
151200,1.71e-09
154800,1.78e-08
158400,1.03e-05
162000,6.93e-05
165600,0.000100984
169200,0.000233416
172800,0.00028482
176400,0.000318649
180000,0.000296905
183600,0.000296055
187200,0.000250691
190800,0.000197481
194400,0.000112293
198000,1.55e-05
201600,7.1e-09
205200,1e-10
208800,6.13e-09
212400,2.84e-09
216000,1e-10
219600,1e-10
223200,1e-10
226800,2.57e-09
230400,1e-10
234000,1e-10
237600,1.71e-09
241200,1.78e-08
244800,1.03e-05
248400,6.93e-05
252000,0.000100984
255600,0.000233416
259200,0.00028482
262800,0.000318649
266400,0.000296905
270000,0.000296055
273600,0.000250691
277200,0.000197481
280800,0.000112293
284400,1.55e-05
288000,7.1e-09
291600,1e-10
295200,6.13e-09
298800,2.84e-09
302400,1e-10
306000,1e-10
309600,1e-10
313200,2.57e-09
316800,1e-10
320400,1e-10
324000,1.71e-09
327600,1.78e-08
331200,1.03e-05
334800,6.93e-05
338400,0.000100984
342000,0.000233416
345600,0.00028482
349200,0.000318649
352800,0.000296905
356400,0.000296055
360000,0.000250691
363600,0.000197481
367200,0.000112293
370800,1.55e-05
374400,7.1e-09
378000,1e-10
381600,6.13e-09
385200,2.84e-09
388800,3.89e-09
392400,1.46e-09
396000,2.28e-09
399600,2.14e-09
403200,1.17e-09
406800,1e-10
410400,2.49e-09
414000,2.3e-08
417600,1.78e-05
421200,0.000102474
424800,0.000203823
428400,0.000251955
432000,0.000260454
435600,0.000307375
439200,0.000296448
442800,0.000244901
446400,0.000152981
450000,0.000122548
453600,5.58e-05
457200,8.05e-06
460800,3.14e-09
464400,2.27e-09
468000,4.63e-09
471600,2.17e-09
475200,4.59e-09
478800,6.44e-09
482400,3.28e-09
486000,8.32e-09
489600,1e-10
493200,1.54e-09
496800,1e-10
500400,1.93e-08
504000,1.08e-05
507600,4.98e-05
511200,0.000154783
514800,0.000188231
518400,0.000266621
522000,0.000295442
525600,0.000316187
529200,0.000298026
532800,0.000257077
536400,0.00022657
540000,0.000128207
543600,1.79e-05
547200,1.26e-08
550800,1e-10
554400,4.12e-09
558000,6.11e-09
561600,3.23e-09
565200,4.05e-09
568800,5.2e-09
572400,9.65e-10
576000,3.49e-09
579600,2.13e-10
583200,3.38e-09
586800,4.37e-08
590400,2.75e-05
594000,0.000122491
597600,0.000238015
601200,0.000247731
604800,0.000320351
608400,0.000342591
612000,0.000334639
615600,0.000281935
619200,0.000276784
622800,0.000201217
626400,0.000131773
630000,1.8e-05
633600,6.74e-09
637200,1e-10
640800,1e-10
644400,4.22e-09
648000,2.73e-09
651600,1.22e-09
655200,1.98e-09
658800,4.99e-09
662400,8.71e-10
666000,3.13e-09
669600,4.67e-10
673200,3.75e-08
676800,2.33e-05
680400,0.000102783
684000,0.000164091
687600,0.000167391
691200,0.00020636
694800,0.000219347
698400,0.000234774
702000,0.00021682
705600,0.000202169
709200,0.000106328
712800,7.21e-05
716400,9.52e-06
720000,5.78e-09
723600,4.41e-09
727200,1e-10
730800,3.98e-09
734400,4.62e-09
738000,5.68e-10
741600,1e-10
745200,2.7e-09
748800,2.67e-09
752400,6.56e-10
756000,7.03e-09
759600,1.48e-08
763200,6.93e-06
766800,4.08e-05
770400,6.44e-05
774000,0.000104651
777600,0.000143418
781200,0.000189763
784800,0.000243268
788400,9.13e-05
792000,7.95e-05
795600,6.02e-05
799200,2.49e-05
802800,5.73e-06
806400,7.84e-09
810000,1.65e-09
813600,6.58e-10
817200,3.58e-09
820800,5.29e-09
824400,2.97e-09
828000,3.38e-09
831600,5.95e-09
835200,3.22e-09
838800,6e-10
842400,1e-10
846000,3.15e-08
849600,1.43e-05
853200,8.74e-05
856800,0.000270762
860400,0.000323207
864000,0.000339956
867600,0.000342448
871200,0.000333658
874800,0.000320038
878400,0.000299916
882000,0.000204055
885600,0.000101582
889200,1.72e-05
892800,1.4e-08
896400,7.79e-10
9e+05,3.16e-09
903600,3.1e-09
907200,4.63e-09
910800,1e-10
914400,2.3e-09
918000,7.46e-09
921600,6.28e-09
925200,3.29e-09
928800,2.11e-09
932400,8e-08
936000,2.27e-05
939600,0.000128785
943200,0.000248842
946800,0.000299779
950400,0.00032331
954000,0.000332782
957600,0.000333375
961200,0.000286017
964800,0.000292403
968400,0.000188552
972000,0.000117696
975600,2.01e-05
979200,1.64e-08
982800,2.35e-10
986400,4.77384615384615e-10
990000,2.46298461538462e-09
993600,2.54671428571429e-09
997200,1.03892857142857e-09
1000800,1.75314285714286e-09
1004400,2.99057142857143e-09
1008000,8.07285714285714e-10
1011600,7.86e-10
1015200,1.30677142857143e-09
1018800,5.92785714285714e-08
1022400,1.66685714285714e-05
1026000,8.44342857142857e-05
1029600,0.000162326285714286
1033200,0.000234759428571429
1036800,0.000272382857142857
1040400,0.0002927105
1044000,0.000293280928571429
1047600,0.000262474714285714
1051200,0.000228775642857143
1054800,0.000154411785714286
1058400,8.18741428571429e-05
1062000,1.33692857142857e-05
1065600,1.17464285714286e-08
1069200,3.50285714285714e-10
1072800,4.77384615384615e-10
1076400,2.46298461538462e-09
1080000,2.54671428571429e-09
1083600,1.03892857142857e-09
1087200,1.75314285714286e-09
1090800,2.99057142857143e-09
1094400,8.07285714285714e-10
1098000,7.86e-10
1101600,1.30677142857143e-09
1105200,5.92785714285714e-08
1108800,1.66685714285714e-05
1112400,8.44342857142857e-05
1116000,0.000162326285714286
1119600,0.000234759428571429
1123200,0.000272382857142857
1126800,0.0002927105
1130400,0.000293280928571429
1134000,0.000262474714285714
1137600,0.000228775642857143
1141200,0.000154411785714286
1144800,8.18741428571429e-05
1148400,1.33692857142857e-05
1152000,1.17464285714286e-08
1155600,3.50285714285714e-10
1159200,4.77384615384615e-10
1162800,2.46298461538462e-09
1166400,2.54671428571429e-09
1170000,1.03892857142857e-09
1173600,1.75314285714286e-09
1177200,2.99057142857143e-09
1180800,8.07285714285714e-10
1184400,7.86e-10
1188000,1.30677142857143e-09
1191600,5.92785714285714e-08
1195200,1.66685714285714e-05
1198800,8.44342857142857e-05
1202400,0.000162326285714286
1206000,0.000234759428571429
1209600,0.000272382857142857
1213200,0.0002927105
1216800,0.000293280928571429
1220400,0.000262474714285714
1224000,0.000228775642857143
1227600,0.000154411785714286
1231200,8.18741428571429e-05
1234800,1.33692857142857e-05
1238400,1.17464285714286e-08
1242000,3.50285714285714e-10
1245600,4.77384615384615e-10
1249200,2.46298461538462e-09
1252800,2.54671428571429e-09
1256400,1.03892857142857e-09
1260000,1.75314285714286e-09
1263600,2.99057142857143e-09
1267200,8.07285714285714e-10
1270800,7.86e-10
1274400,1.30677142857143e-09
1278000,5.92785714285714e-08
1281600,1.66685714285714e-05
1285200,8.44342857142857e-05
1288800,0.000162326285714286
1292400,0.000234759428571429
1296000,0.000272382857142857
1299600,0.0002927105
1303200,0.000293280928571429
1306800,0.000262474714285714
1310400,0.000228775642857143
1314000,0.000154411785714286
1317600,8.18741428571429e-05
1321200,1.33692857142857e-05
1324800,1.17464285714286e-08
1328400,3.50285714285714e-10
1332000,4.77384615384615e-10
1335600,2.46298461538462e-09
1339200,2.54671428571429e-09
1342800,1.03892857142857e-09
1346400,1.75314285714286e-09
1350000,2.99057142857143e-09
1353600,8.07285714285714e-10
1357200,7.86e-10
1360800,1.30677142857143e-09
1364400,5.92785714285714e-08
1368000,1.66685714285714e-05
1371600,8.44342857142857e-05
1375200,0.000162326285714286
1378800,0.000234759428571429
1382400,0.000272382857142857
1386000,0.0002927105
1389600,0.000293280928571429
1393200,0.000262474714285714
1396800,0.000228775642857143
1400400,0.000154411785714286
1404000,8.18741428571429e-05
1407600,1.33692857142857e-05
1411200,1.17464285714286e-08
1414800,3.50285714285714e-10
1418400,4.77384615384615e-10
1422000,2.46298461538462e-09
1425600,2.54671428571429e-09
1429200,1.03892857142857e-09
1432800,1.75314285714286e-09
1436400,2.99057142857143e-09
1440000,8.07285714285714e-10
1443600,7.86e-10
1447200,1.30677142857143e-09
1450800,5.92785714285714e-08
1454400,1.66685714285714e-05
1458000,8.44342857142857e-05
1461600,0.000162326285714286
1465200,0.000234759428571429
1468800,0.000272382857142857
1472400,0.0002927105
1476000,0.000293280928571429
1479600,0.000262474714285714
1483200,0.000228775642857143
1486800,0.000154411785714286
1490400,8.18741428571429e-05
1494000,1.33692857142857e-05
1497600,1.17464285714286e-08
1501200,3.50285714285714e-10
1504800,4.77384615384615e-10
1508400,2.46298461538462e-09
1512000,1e-10
1515600,1e-10
1519200,1e-10
1522800,1e-10
1526400,1e-10
1530000,1e-10
1533600,1e-10
1537200,5.65e-08
1540800,1.59e-05
1544400,8.23e-05
1548000,7.78e-05
1551600,0.000151847
1555200,0.000224119
1558800,0.000291113
1562400,0.000273295
1566000,0.000225606
1569600,0.000136323
1573200,6.99e-05
1576800,4.44e-05
1580400,8.33e-06
1584000,6.75e-09
1587600,1e-10
1591200,1e-10
1594800,8.08e-11
1598400,2.77e-09
1602000,1e-10
1605600,4.1e-09
1609200,1.53e-10
1612800,1.68e-09
1616400,2.8e-09
1620000,1.01e-09
1623600,7.06e-08
1627200,1.05e-05
1630800,4.42e-05
1634400,7.62e-05
1638000,0.000247507
1641600,0.000302746
1645200,0.00023432
1648800,0.00030671
1652400,0.000274386
1656000,0.000228049
1659600,0.00011725
1663200,4.27e-05
1666800,7.22e-06
1670400,1.09e-08
1674000,2.63e-09
1677600,1e-10
1681200,2.28e-10
1684800,1.63e-09
1688400,1e-10
1692000,5.1e-09
1695600,3.68e-09
1699200,1e-10
1702800,5.16e-10
1706400,1e-10
1710000,2.88e-08
1713600,8.53e-06
1717200,5.99e-05
1720800,0.000137528
1724400,0.000249612
1728000,0.000233643
1731600,0.000285456
1735200,0.000187518
1738800,0.000265222
1742400,0.000256881
1746000,0.000184043
1749600,7.07e-05
1753200,1.39e-05
1756800,1.62e-08
1760400,3.4e-09
1764000,1.28e-09
1767600,1.74e-09
1771200,2.32e-10
1774800,1.42e-09
1778400,1.57e-09
1782000,1e-10
1785600,1.08e-09
1789200,1.96e-09
1792800,1e-10
1796400,1.4e-07
1800000,2.25e-05
1803600,0.000119581
1807200,0.000194835
1810800,0.000270054
1814400,0.000307571
1818000,0.000310207
1821600,0.00031134
1825200,0.000288367
1828800,0.000259473
1832400,0.000138753
1836000,6.97e-05
1839600,1.34e-05
1843200,1.24e-08
1846800,1.5e-10
1850400,2.63e-09
1854000,2.39e-09
1857600,2.56e-09
1861200,3.71e-09
1864800,4.34e-10
1868400,4.02e-09
1872000,1e-10
1875600,4.43e-09
1879200,2.92e-09
1882800,9.54e-08
1886400,1.47e-05
1890000,6.14e-05
1893600,0.000154795
1897200,0.000266462
1900800,0.000296611
1904400,0.000303086
1908000,0.000306316
1911600,0.000266268
1915200,0.000214776
1918800,0.000118983
1922400,4.87e-05
1926000,8.82e-06
1929600,2.04e-08
1933200,2.09e-09
1936800,1e-10
1940400,4.63e-09
1944000,1.99e-09
1947600,1e-10
1951200,4.59e-09
1954800,4.17e-09
1958400,1e-10
1962000,1e-10
1965600,1.87e-09
1969200,1.71e-07
1972800,2.76e-05
1976400,0.000110866
1980000,0.00018571
1983600,0.000284789
1987200,0.00030338
1990800,0.000325368
1994400,0.0003315
1998000,0.000319705
2001600,0.000295836
2005200,0.000225885
2008800,0.000125687
2012400,2.35e-05
2016000,2.42e-08
2019600,1e-10
2023200,1e-10
2026800,1e-10
