0,0.008502077
3600,0.009546444
7200,0.008961524
10800,0.008817149
14400,0.007284689
18000,0.005406021
21600,0.002767007
25200,0.000382074
28800,2.71e-07
32400,1e-10
36000,3.47e-07
39600,1.63e-07
43200,1e-10
46800,1e-10
50400,1e-10
54000,1.45e-07
57600,1e-10
61200,1e-10
64800,1.01e-07
68400,5.84e-07
72000,0.000274405
75600,0.001990347
79200,0.00291971
82800,0.006742164
86400,0.008502077
90000,0.009546444
93600,0.008961524
97200,0.008817149
100800,0.007284689
104400,0.005406021
108000,0.002767007
111600,0.000382074
115200,2.71e-07
118800,1e-10
122400,3.47e-07
126000,1.63e-07
129600,1e-10
133200,1e-10
136800,1e-10
140400,1.45e-07
144000,1e-10
147600,1e-10
151200,1.01e-07
154800,5.84e-07
158400,0.000274405
162000,0.001990347
165600,0.00291971
169200,0.006742164
172800,0.008502077
176400,0.009546444
180000,0.008961524
183600,0.008817149
187200,0.007284689
190800,0.005406021
194400,0.002767007
198000,0.000382074
201600,2.71e-07
205200,1e-10
208800,3.47e-07
212400,1.63e-07
216000,1e-10
219600,1e-10
223200,1e-10
226800,1.45e-07
230400,1e-10
234000,1e-10
237600,1.01e-07
241200,5.84e-07
244800,0.000274405
248400,0.001990347
252000,0.00291971
255600,0.006742164
259200,0.008502077
262800,0.009546444
266400,0.008961524
270000,0.008817149
273600,0.007284689
277200,0.005406021
280800,0.002767007
284400,0.000382074
288000,2.71e-07
291600,1e-10
295200,3.47e-07
298800,1.63e-07
302400,1e-10
306000,1e-10
309600,1e-10
313200,1.45e-07
316800,1e-10
320400,1e-10
324000,1.01e-07
327600,5.84e-07
331200,0.000274405
334800,0.001990347
338400,0.00291971
342000,0.006742164
345600,0.008502077
349200,0.009546444
352800,0.008961524
356400,0.008817149
360000,0.007284689
363600,0.005406021
367200,0.002767007
370800,0.000382074
374400,2.71e-07
378000,1e-10
381600,3.47e-07
385200,1.63e-07
388800,2.19e-07
392400,8.27e-08
396000,1.31e-07
399600,1.22e-07
403200,7.1e-08
406800,1e-10
410400,1.46e-07
414000,5.43e-07
417600,0.000489519
421200,0.002686702
424800,0.005470072
428400,0.007119344
432000,0.007680526
435600,0.009092883
439200,0.008746209
442800,0.007172446
446400,0.004551257
450000,0.003516826
453600,0.001563609
457200,0.000231597
460800,1.24e-07
464400,1.38e-07
468000,2.67e-07
471600,1.26e-07
475200,2.61e-07
478800,3.64e-07
482400,1.83e-07
486000,4.71e-07
489600,1e-10
493200,9.42e-08
496800,6.46e-09
500400,6.51e-07
504000,0.000318999
507600,0.001493938
511200,0.004349531
514800,0.005563039
518400,0.007997323
522000,0.008858694
525600,0.009381567
529200,0.00874925
532800,0.00743237
536400,0.006147455
540000,0.003126372
543600,0.000434997
547200,5.54e-07
550800,1e-10
554400,2.35e-07
558000,3.46e-07
561600,1.84e-07
565200,2.28e-07
568800,2.94e-07
572400,5.53e-08
576000,2.03e-07
579600,1.97e-08
583200,1.97e-07
586800,1.08e-06
590400,0.000661154
594000,0.003241813
597600,0.006572213
601200,0.007397307
604800,0.009630371
608400,0.010451735
612000,0.010159897
615600,0.008686732
619200,0.00823578
622800,0.005748658
626400,0.003370902
630000,0.000477309
633600,2.64e-07
637200,1e-10
640800,1e-10
644400,2.43e-07
648000,1.58e-07
651600,7.3e-08
655200,1.14e-07
658800,2.83e-07
662400,5.13e-08
666000,1.76e-07
669600,3.17e-08
673200,1.16e-06
676800,0.000635962
680400,0.002847032
684000,0.004740285
687600,0.005081901
691200,0.006311136
694800,0.006733538
698400,0.007192852
702000,0.006565486
705600,0.006073411
709200,0.003200592
712800,0.002049861
716400,0.000286933
720000,2.71e-07
723600,2.5e-07
727200,1e-10
730800,2.29e-07
734400,2.65e-07
738000,4e-08
741600,1e-10
745200,1.58e-07
748800,1.53e-07
752400,3.79e-08
756000,3.99e-07
759600,5.52e-07
763200,0.000212525
766800,0.001231402
770400,0.001974647
774000,0.0032151
777600,0.00441877
781200,0.005794914
784800,0.007390126
788400,0.002842887
792000,0.002466268
795600,0.001855766
799200,0.000758609
802800,0.000171527
806400,4.03e-07
810000,9.94e-08
813600,4.63e-08
817200,2.06e-07
820800,3e-07
824400,1.7e-07
828000,1.94e-07
831600,3.37e-07
835200,1.9e-07
838800,4.37e-08
842400,1e-10
846000,1.11e-06
849600,0.000434056
853200,0.002534335
856800,0.007514377
860400,0.009505804
864000,0.010299148
867600,0.010546737
871200,0.010275032
874800,0.00978198
878400,0.008895227
882000,0.005911442
885600,0.002776535
889200,0.000450467
892800,6.58e-07
896400,4.92e-08
9e+05,1.82e-07
903600,1.76e-07
907200,2.6e-07
910800,1e-10
914400,1.37e-07
918000,4.19e-07
921600,3.55e-07
925200,1.91e-07
928800,1.28e-07
932400,2.27e-06
936000,0.000573585
939600,0.003468068
943200,0.006981205
946800,0.008901587
950400,0.009856899
954000,0.010229773
957600,0.010261636
961200,0.008838217
964800,0.008650836
968400,0.005413293
972000,0.003013858
975600,0.000499821
979200,8.07e-07
982800,1.6e-08
986400,3.11230769230769e-08
990000,1.42170769230769e-07
993600,1.46207142857143e-07
997200,6.20071428571429e-08
1000800,1.01378571428571e-07
1004400,1.70635714285714e-07
1008000,5.05017857142857e-08
1011600,4.90028571428571e-08
1015200,8.00185714285714e-08
1018800,1.67107142857143e-06
1022400,0.000452185214285714
1026000,0.0023286515
1029600,0.00458307907142857
1033200,0.00682059771428571
1036800,0.00812311764285714
1040400,0.00880229342857143
1044000,0.00881318464285714
1047600,0.00783985971428572
1051200,0.00669747285714286
1054800,0.00438272657142857
1058400,0.00216874364285714
1062000,0.000353769857142857
1065600,4.399e-07
1069200,2.51571428571429e-08
1072800,3.11230769230769e-08
1076400,1.42170769230769e-07
1080000,1.46207142857143e-07
1083600,6.20071428571429e-08
1087200,1.01378571428571e-07
1090800,1.70635714285714e-07
1094400,5.05017857142857e-08
1098000,4.90028571428571e-08
1101600,8.00185714285714e-08
1105200,1.67107142857143e-06
1108800,0.000452185214285714
1112400,0.0023286515
1116000,0.00458307907142857
1119600,0.00682059771428571
1123200,0.00812311764285714
1126800,0.00880229342857143
1130400,0.00881318464285714
1134000,0.00783985971428572
1137600,0.00669747285714286
1141200,0.00438272657142857
1144800,0.00216874364285714
1148400,0.000353769857142857
1152000,4.399e-07
1155600,2.51571428571429e-08
1159200,3.11230769230769e-08
1162800,1.42170769230769e-07
1166400,1.46207142857143e-07
1170000,6.20071428571429e-08
1173600,1.01378571428571e-07
1177200,1.70635714285714e-07
1180800,5.05017857142857e-08
1184400,4.90028571428571e-08
1188000,8.00185714285714e-08
1191600,1.67107142857143e-06
1195200,0.000452185214285714
1198800,0.0023286515
1202400,0.00458307907142857
1206000,0.00682059771428571
1209600,0.00812311764285714
1213200,0.00880229342857143
1216800,0.00881318464285714
1220400,0.00783985971428572
1224000,0.00669747285714286
1227600,0.00438272657142857
1231200,0.00216874364285714
1234800,0.000353769857142857
1238400,4.399e-07
1242000,2.51571428571429e-08
1245600,3.11230769230769e-08
1249200,1.42170769230769e-07
1252800,1.46207142857143e-07
1256400,6.20071428571429e-08
1260000,1.01378571428571e-07
1263600,1.70635714285714e-07
1267200,5.05017857142857e-08
1270800,4.90028571428571e-08
1274400,8.00185714285714e-08
1278000,1.67107142857143e-06
1281600,0.000452185214285714
1285200,0.0023286515
1288800,0.00458307907142857
1292400,0.00682059771428571
1296000,0.00812311764285714
1299600,0.00880229342857143
1303200,0.00881318464285714
1306800,0.00783985971428572
1310400,0.00669747285714286
1314000,0.00438272657142857
1317600,0.00216874364285714
1321200,0.000353769857142857
1324800,4.399e-07
1328400,2.51571428571429e-08
1332000,3.11230769230769e-08
1335600,1.42170769230769e-07
1339200,1.46207142857143e-07
1342800,6.20071428571429e-08
1346400,1.01378571428571e-07
1350000,1.70635714285714e-07
1353600,5.05017857142857e-08
1357200,4.90028571428571e-08
1360800,8.00185714285714e-08
1364400,1.67107142857143e-06
1368000,0.000452185214285714
1371600,0.0023286515
1375200,0.00458307907142857
1378800,0.00682059771428571
1382400,0.00812311764285714
1386000,0.00880229342857143
1389600,0.00881318464285714
1393200,0.00783985971428572
1396800,0.00669747285714286
1400400,0.00438272657142857
1404000,0.00216874364285714
1407600,0.000353769857142857
1411200,4.399e-07
1414800,2.51571428571429e-08
1418400,3.11230769230769e-08
1422000,1.42170769230769e-07
1425600,1.46207142857143e-07
1429200,6.20071428571429e-08
1432800,1.01378571428571e-07
1436400,1.70635714285714e-07
1440000,5.05017857142857e-08
1443600,4.90028571428571e-08
1447200,8.00185714285714e-08
1450800,1.67107142857143e-06
1454400,0.000452185214285714
1458000,0.0023286515
1461600,0.00458307907142857
1465200,0.00682059771428571
1468800,0.00812311764285714
1472400,0.00880229342857143
1476000,0.00881318464285714
1479600,0.00783985971428572
1483200,0.00669747285714286
1486800,0.00438272657142857
1490400,0.00216874364285714
1494000,0.000353769857142857
1497600,4.399e-07
1501200,2.51571428571429e-08
1504800,3.11230769230769e-08
1508400,1.42170769230769e-07
1512000,1e-10
1515600,1e-10
1519200,1e-10
1522800,1e-10
1526400,1e-10
1530000,1e-10
1533600,1e-10
1537200,1.45e-06
1540800,0.000449526
1544400,0.002143389
1548000,0.002183322
1551600,0.004253812
1555200,0.006610206
1558800,0.008567711
1562400,0.0080253
1566000,0.006633998
1569600,0.004002953
1573200,0.002064443
1576800,0.001246885
1580400,0.000239149
1584000,6.66e-08
1587600,1e-10
1591200,1e-10
1594800,8.02e-09
1598400,1.57e-07
1602000,1e-10
1605600,2.3e-07
1609200,1.37e-08
1612800,9.49e-08
1616400,1.56e-07
1620000,5.55e-08
1623600,1.88e-06
1627200,0.000268693
1630800,0.001249293
1634400,0.002302977
1638000,0.00710076
1641600,0.008811879
1645200,0.006953964
1648800,0.009093585
1652400,0.008051914
1656000,0.006564486
1659600,0.003393318
1663200,0.001231413
1666800,0.000202324
1670400,3.53e-07
1674000,1.51e-07
1677600,1e-10
1681200,1.42e-08
1684800,9.37e-08
1688400,1e-10
1692000,2.85e-07
1695600,2.08e-07
1699200,1e-10
1702800,3.14e-08
1706400,1e-10
1710000,8.65e-07
1713600,0.000258832
1717200,0.001777172
1720800,0.003886125
1724400,0.007006246
1728000,0.006856417
1731600,0.008348892
1735200,0.005550775
1738800,0.007682675
1742400,0.007271063
1746000,0.005003787
1749600,0.001878743
1753200,0.000363639
1756800,4.95e-07
1760400,1.93e-07
1764000,7.24e-08
1767600,1.01e-07
1771200,1.81e-08
1774800,8.33e-08
1778400,8.93e-08
1782000,1e-10
1785600,6.47e-08
1789200,1.15e-07
1792800,1e-10
1796400,3.71e-06
1800000,0.000577297
1803600,0.003049462
1807200,0.005335692
1810800,0.007639013
1814400,0.00893241
1818000,0.009192825
1821600,0.009165193
1825200,0.008436096
1828800,0.007365819
1832400,0.003887591
1836000,0.001874578
1839600,0.000376688
1843200,3.59e-07
1846800,1.04e-08
1850400,1.48e-07
1854000,1.35e-07
1857600,1.47e-07
1861200,2.08e-07
1864800,3.03e-08
1868400,2.24e-07
1872000,1e-10
1875600,2.49e-07
1879200,1.69e-07
1882800,2.91e-06
1886400,0.000435317
1890000,0.001837403
1893600,0.004490907
1897200,0.007631209
1900800,0.008710884
1904400,0.009026293
1908000,0.009067523
1911600,0.007789092
1915200,0.006240763
1918800,0.003425452
1922400,0.001417637
1926000,0.000261489
1929600,7.76e-07
1933200,1.27e-07
1936800,1e-10
1940400,2.63e-07
1944000,1.16e-07
1947600,1e-10
1951200,2.6e-07
1954800,2.36e-07
1958400,1e-10
1962000,1e-10
1965600,1.17e-07
1969200,4.63e-06
1972800,0.000740723
1976400,0.003050765
1980000,0.005442044
1983600,0.008331082
1987200,0.009105601
1990800,0.009887705
1994400,0.010113366
1998000,0.009710114
2001600,0.008729698
2005200,0.006383528
2008800,0.003286402
2012400,0.000574764
2016000,7.57e-07
2019600,1e-10
2023200,1e-10
2026800,1e-10
