0,5.12e-06
3600,5.9e-06
7200,5.59e-06
10800,5.38e-06
14400,4.25e-06
18000,2.88e-06
21600,1.31e-06
25200,1.66e-07
28800,1.77e-10
32400,1e-10
36000,2.27e-10
39600,1.07e-10
43200,1e-10
46800,1e-10
50400,1e-10
54000,1.04e-10
57600,1e-10
61200,1e-10
64800,7.61e-11
68400,2.87e-10
72000,1.2e-07
75600,9.62e-07
79200,1.54e-06
82800,3.79e-06
86400,5.12e-06
90000,5.9e-06
93600,5.59e-06
97200,5.38e-06
100800,4.25e-06
104400,2.88e-06
108000,1.31e-06
111600,1.66e-07
115200,1.77e-10
118800,1e-10
122400,2.27e-10
126000,1.07e-10
129600,1e-10
133200,1e-10
136800,1e-10
140400,1.04e-10
144000,1e-10
147600,1e-10
151200,7.61e-11
154800,2.87e-10
158400,1.2e-07
162000,9.62e-07
165600,1.54e-06
169200,3.79e-06
172800,5.12e-06
176400,5.9e-06
180000,5.59e-06
183600,5.38e-06
187200,4.25e-06
190800,2.88e-06
194400,1.31e-06
198000,1.66e-07
201600,1.77e-10
205200,1e-10
208800,2.27e-10
212400,1.07e-10
216000,1e-10
219600,1e-10
223200,1e-10
226800,1.04e-10
230400,1e-10
234000,1e-10
237600,7.61e-11
241200,2.87e-10
244800,1.2e-07
248400,9.62e-07
252000,1.54e-06
255600,3.79e-06
259200,5.12e-06
262800,5.9e-06
266400,5.59e-06
270000,5.38e-06
273600,4.25e-06
277200,2.88e-06
280800,1.31e-06
284400,1.66e-07
288000,1.77e-10
291600,1e-10
295200,2.27e-10
298800,1.07e-10
302400,1e-10
306000,1e-10
309600,1e-10
313200,1.04e-10
316800,1e-10
320400,1e-10
324000,7.61e-11
327600,2.87e-10
331200,1.2e-07
334800,9.62e-07
338400,1.54e-06
342000,3.79e-06
345600,5.12e-06
349200,5.9e-06
352800,5.59e-06
356400,5.38e-06
360000,4.25e-06
363600,2.88e-06
367200,1.31e-06
370800,1.66e-07
374400,1.77e-10
378000,1e-10
381600,2.27e-10
385200,1.07e-10
388800,1.43e-10
392400,5.88e-11
396000,9.52e-11
399600,8.47e-11
403200,5.66e-11
406800,3.48e-12
410400,1.01e-10
414000,1.95e-10
417600,2.12e-07
421200,1.23e-06
424800,2.72e-06
428400,3.93e-06
432000,4.57e-06
435600,5.55e-06
439200,5.34e-06
442800,4.3e-06
446400,2.7e-06
450000,1.95e-06
453600,8e-07
457200,1.07e-07
460800,8.52e-11
464400,1.14e-10
468000,1.76e-10
471600,8.69e-11
475200,1.71e-10
478800,2.37e-10
482400,1.21e-10
486000,3.07e-10
489600,1e-10
493200,7.26e-11
496800,1.37e-11
500400,3.05e-10
504000,1.43e-07
507600,7.45e-07
511200,2.24e-06
514800,3.19e-06
518400,4.84e-06
522000,5.49e-06
525600,5.78e-06
529200,5.28e-06
532800,4.32e-06
536400,3.26e-06
540000,1.47e-06
543600,1.89e-07
547200,3.81e-10
550800,1e-10
554400,1.55e-10
558000,2.22e-10
561600,1.24e-10
565200,1.51e-10
568800,1.91e-10
572400,4.09e-11
576000,1.38e-10
579600,2.08e-11
583200,1.37e-10
586800,4.26e-10
590400,2.79e-07
594000,1.49e-06
597600,3.33e-06
601200,4.26e-06
604800,5.83e-06
608400,6.55e-06
612000,6.37e-06
615600,5.44e-06
619200,4.89e-06
622800,3.16e-06
626400,1.62e-06
630000,2.1e-07
633600,1.58e-10
637200,1e-10
640800,1e-10
644400,1.62e-10
648000,1.06e-10
651600,5.07e-11
655200,7.76e-11
658800,1.84e-10
662400,3.91e-11
666000,1.16e-10
669600,2.77e-11
673200,5.16e-10
676800,2.75e-07
680400,1.35e-06
684000,2.5e-06
687600,2.99e-06
691200,3.9e-06
694800,4.26e-06
698400,4.57e-06
702000,4.07e-06
705600,3.66e-06
709200,1.86e-06
712800,1.06e-06
716400,1.34e-07
720000,1.88e-10
723600,1.76e-10
727200,1e-10
730800,1.53e-10
734400,1.76e-10
738000,3.73e-11
741600,1e-10
745200,1.09e-10
748800,1.02e-10
752400,2.82e-11
756000,2.61e-10
759600,2.74e-10
763200,9.93e-08
766800,6.23e-07
770400,1.09e-06
774000,1.91e-06
777600,2.74e-06
781200,3.63e-06
784800,4.64e-06
788400,1.79e-06
792000,1.52e-06
795600,1.1e-06
799200,4.13e-07
802800,8.1e-08
806400,2.97e-10
810000,7.76e-11
813600,3.76e-11
817200,1.4e-10
820800,1.94e-10
824400,1.12e-10
828000,1.31e-10
831600,2.17e-10
835200,1.3e-10
838800,3.55e-11
842400,1e-10
846000,5.34e-10
849600,1.99e-07
853200,1.24e-06
856800,3.8e-06
860400,5.38e-06
864000,6.25e-06
867600,6.63e-06
871200,6.47e-06
874800,6.04e-06
878400,5.21e-06
882000,3.25e-06
885600,1.38e-06
889200,1.97e-07
892800,4.66e-10
896400,4.11e-11
9e+05,1.2e-10
903600,1.16e-10
907200,1.67e-10
910800,1e-10
914400,9.35e-11
918000,2.7e-10
921600,2.31e-10
925200,1.32e-10
928800,8.63e-11
932400,9.61e-10
936000,2.48e-07
939600,1.6e-06
943200,3.55e-06
946800,5.07e-06
950400,6e-06
954000,6.41e-06
957600,6.46e-06
961200,5.52e-06
964800,5.07e-06
968400,2.98e-06
972000,1.45e-06
975600,2.16e-07
979200,5.79e-10
982800,1.09e-11
986400,2.52076923076923e-11
990000,9.63153846153846e-11
993600,9.88692857142857e-11
997200,4.57871428571429e-11
1000800,7.03857142857143e-11
1004400,1.14457142857143e-10
1008000,4.01414285714286e-11
1011600,3.80771428571429e-11
1015200,5.933e-11
1018800,6.91e-10
1022400,1.98807142857143e-07
1026000,1.10621428571429e-06
1029600,2.34642857142857e-06
1033200,3.81928571428571e-06
1036800,4.86428571428571e-06
1040400,5.44142857142857e-06
1044000,5.47714285714286e-06
1047600,4.79857142857143e-06
1051200,3.93571428571429e-06
1054800,2.41285714285714e-06
1058400,1.0725e-06
1062000,1.58064285714286e-07
1065600,2.60457142857143e-10
1069200,2.56571428571429e-11
1072800,2.52076923076923e-11
1076400,9.63153846153846e-11
1080000,9.88692857142857e-11
1083600,4.57871428571429e-11
1087200,7.03857142857143e-11
1090800,1.14457142857143e-10
1094400,4.01414285714286e-11
1098000,3.80771428571429e-11
1101600,5.933e-11
1105200,6.91e-10
1108800,1.98807142857143e-07
1112400,1.10621428571429e-06
1116000,2.34642857142857e-06
1119600,3.81928571428571e-06
1123200,4.86428571428571e-06
1126800,5.44142857142857e-06
1130400,5.47714285714286e-06
1134000,4.79857142857143e-06
1137600,3.93571428571429e-06
1141200,2.41285714285714e-06
1144800,1.0725e-06
1148400,1.58064285714286e-07
1152000,2.60457142857143e-10
1155600,2.56571428571429e-11
1159200,2.52076923076923e-11
1162800,9.63153846153846e-11
1166400,9.88692857142857e-11
1170000,4.57871428571429e-11
1173600,7.03857142857143e-11
1177200,1.14457142857143e-10
1180800,4.01414285714286e-11
1184400,3.80771428571429e-11
1188000,5.933e-11
1191600,6.91e-10
1195200,1.98807142857143e-07
1198800,1.10621428571429e-06
1202400,2.34642857142857e-06
1206000,3.81928571428571e-06
1209600,4.86428571428571e-06
1213200,5.44142857142857e-06
1216800,5.47714285714286e-06
1220400,4.79857142857143e-06
1224000,3.93571428571429e-06
1227600,2.41285714285714e-06
1231200,1.0725e-06
1234800,1.58064285714286e-07
1238400,2.60457142857143e-10
1242000,2.56571428571429e-11
1245600,2.52076923076923e-11
1249200,9.63153846153846e-11
1252800,9.88692857142857e-11
1256400,4.57871428571429e-11
1260000,7.03857142857143e-11
1263600,1.14457142857143e-10
1267200,4.01414285714286e-11
1270800,3.80771428571429e-11
1274400,5.933e-11
1278000,6.91e-10
1281600,1.98807142857143e-07
1285200,1.10621428571429e-06
1288800,2.34642857142857e-06
1292400,3.81928571428571e-06
1296000,4.86428571428571e-06
1299600,5.44142857142857e-06
1303200,5.47714285714286e-06
1306800,4.79857142857143e-06
1310400,3.93571428571429e-06
1314000,2.41285714285714e-06
1317600,1.0725e-06
1321200,1.58064285714286e-07
1324800,2.60457142857143e-10
1328400,2.56571428571429e-11
1332000,2.52076923076923e-11
1335600,9.63153846153846e-11
1339200,9.88692857142857e-11
1342800,4.57871428571429e-11
1346400,7.03857142857143e-11
1350000,1.14457142857143e-10
1353600,4.01414285714286e-11
1357200,3.80771428571429e-11
1360800,5.933e-11
1364400,6.91e-10
1368000,1.98807142857143e-07
1371600,1.10621428571429e-06
1375200,2.34642857142857e-06
1378800,3.81928571428571e-06
1382400,4.86428571428571e-06
1386000,5.44142857142857e-06
1389600,5.47714285714286e-06
1393200,4.79857142857143e-06
1396800,3.93571428571429e-06
1400400,2.41285714285714e-06
1404000,1.0725e-06
1407600,1.58064285714286e-07
1411200,2.60457142857143e-10
1414800,2.56571428571429e-11
1418400,2.52076923076923e-11
1422000,9.63153846153846e-11
1425600,9.88692857142857e-11
1429200,4.57871428571429e-11
1432800,7.03857142857143e-11
1436400,1.14457142857143e-10
1440000,4.01414285714286e-11
1443600,3.80771428571429e-11
1447200,5.933e-11
1450800,6.91e-10
1454400,1.98807142857143e-07
1458000,1.10621428571429e-06
1461600,2.34642857142857e-06
1465200,3.81928571428571e-06
1468800,4.86428571428571e-06
1472400,5.44142857142857e-06
1476000,5.47714285714286e-06
1479600,4.79857142857143e-06
1483200,3.93571428571429e-06
1486800,2.41285714285714e-06
1490400,1.0725e-06
1494000,1.58064285714286e-07
1497600,2.60457142857143e-10
1501200,2.56571428571429e-11
1504800,2.52076923076923e-11
1508400,9.63153846153846e-11
1512000,1e-10
1515600,1e-10
1519200,1e-10
1522800,1e-10
1526400,6.9e-12
1530000,1e-10
1533600,1e-10
1537200,5.39e-10
1540800,1.98e-07
1544400,9.83e-07
1548000,1.1e-06
1551600,2.28e-06
1555200,3.9e-06
1558800,5.18e-06
1562400,4.88e-06
1566000,4.01e-06
1569600,2.37e-06
1573200,1.18e-06
1576800,6.34e-07
1580400,1.11e-07
1584000,1e-10
1587600,1e-10
1591200,1e-10
1594800,1.28e-11
1598400,1.03e-10
1602000,1e-10
1605600,1.49e-10
1609200,1.57e-11
1612800,6.3e-11
1616400,1.01e-10
1620000,3.88e-11
1623600,6.95e-10
1627200,1.15e-07
1630800,6.06e-07
1634400,1.23e-06
1638000,3.89e-06
1641600,5.1e-06
1645200,4.21e-06
1648800,5.56e-06
1652400,4.85e-06
1656000,3.81e-06
1659600,1.9e-06
1663200,6.49e-07
1666800,9.19e-08
1670400,1.7e-10
1674000,1.03e-10
1677600,1e-10
1681200,1.13e-11
1684800,6.35e-11
1688400,1e-10
1692000,1.8e-10
1695600,1.36e-10
1699200,1e-10
1702800,2.37e-11
1706400,1e-10
1710000,3.82e-10
1713600,1.19e-07
1717200,8.8e-07
1720800,1.97e-06
1724400,3.76e-06
1728000,4.02e-06
1731600,5.01e-06
1735200,3.39e-06
1738800,4.58e-06
1742400,4.16e-06
1746000,2.67e-06
1749600,9.27e-07
1753200,1.61e-07
1756800,2.4e-10
1760400,1.26e-10
1764000,5.08e-11
1767600,7.07e-11
1771200,1.94e-11
1774800,5.78e-11
1778400,5.9e-11
1782000,1e-10
1785600,4.89e-11
1789200,7.94e-11
1792800,1e-10
1796400,1.45e-09
1800000,2.47e-07
1803600,1.39e-06
1807200,2.64e-06
1810800,4.16e-06
1814400,5.22e-06
1818000,5.62e-06
1821600,5.62e-06
1825200,5.12e-06
1828800,4.26e-06
1832400,2.14e-06
1836000,9.42e-07
1839600,1.72e-07
1843200,1.45e-10
1846800,1.31e-11
1850400,9.74e-11
1854000,9.23e-11
1857600,9.85e-11
1861200,1.38e-10
1864800,2.56e-11
1868400,1.44e-10
1872000,1e-10
1875600,1.62e-10
1879200,1.16e-10
1882800,1.25e-09
1886400,2.02e-07
1890000,9.28e-07
1893600,2.32e-06
1897200,4.2e-06
1900800,5.14e-06
1904400,5.55e-06
1908000,5.59e-06
1911600,4.72e-06
1915200,3.68e-06
1918800,1.93e-06
1922400,7.5e-07
1926000,1.23e-07
1929600,4.44e-10
1933200,9.5e-11
1936800,1e-10
1940400,1.72e-10
1944000,8.25e-11
1947600,1e-10
1951200,1.71e-10
1954800,1.55e-10
1958400,1e-10
1962000,1e-10
1965600,8.55e-11
1969200,1.86e-09
1972800,3.27e-07
1976400,1.46e-06
1980000,2.82e-06
1983600,4.66e-06
1987200,5.47e-06
1990800,6.19e-06
1994400,6.42e-06
1998000,6.08e-06
2001600,5.2e-06
2005200,3.52e-06
2008800,1.61e-06
2012400,2.54e-07
2016000,3.68e-10
2019600,1e-10
2023200,1e-10
2026800,1e-10
