0,0.021286278
3600,0.023863402
7200,0.021921877
10800,0.022105221
14400,0.019105657
18000,0.016012866
21600,0.010504946
25200,0.001397827
28800,4.59e-07
32400,1e-10
36000,2.96e-07
39600,1.38e-07
43200,1e-10
46800,1e-10
50400,1e-10
54000,1.3e-07
57600,1e-10
61200,1e-10
64800,8.12e-08
68400,8.7e-07
72000,0.000766226
75600,0.004962895
79200,0.007571605
82800,0.018011501
86400,0.021286278
90000,0.023863402
93600,0.021921877
97200,0.022105221
100800,0.019105657
104400,0.016012866
108000,0.010504946
111600,0.001397827
115200,4.59e-07
118800,1e-10
122400,2.96e-07
126000,1.38e-07
129600,1e-10
133200,1e-10
136800,1e-10
140400,1.3e-07
144000,1e-10
147600,1e-10
151200,8.12e-08
154800,8.7e-07
158400,0.000766226
162000,0.004962895
165600,0.007571605
169200,0.018011501
172800,0.021286278
176400,0.023863402
180000,0.021921877
183600,0.022105221
187200,0.019105657
190800,0.016012866
194400,0.010504946
198000,0.001397827
201600,4.59e-07
205200,1e-10
208800,2.96e-07
212400,1.38e-07
216000,1e-10
219600,1e-10
223200,1e-10
226800,1.3e-07
230400,1e-10
234000,1e-10
237600,8.12e-08
241200,8.7e-07
244800,0.000766226
248400,0.004962895
252000,0.007571605
255600,0.018011501
259200,0.021286278
262800,0.023863402
266400,0.021921877
270000,0.022105221
273600,0.019105657
277200,0.016012866
280800,0.010504946
284400,0.001397827
288000,4.59e-07
291600,1e-10
295200,2.96e-07
298800,1.38e-07
302400,1e-10
306000,1e-10
309600,1e-10
313200,1.3e-07
316800,1e-10
320400,1e-10
324000,8.12e-08
327600,8.7e-07
331200,0.000766226
334800,0.004962895
338400,0.007571605
342000,0.018011501
345600,0.021286278
349200,0.023863402
352800,0.021921877
356400,0.022105221
360000,0.019105657
363600,0.016012866
367200,0.010504946
370800,0.001397827
374400,4.59e-07
378000,1e-10
381600,2.96e-07
385200,1.38e-07
388800,1.9e-07
392400,7.08e-08
396000,1.07e-07
399600,1.05e-07
403200,4.6e-08
406800,1e-10
410400,1.12e-07
414000,1.33e-06
417600,0.001180737
421200,0.008706379
424800,0.017316297
428400,0.020112279
432000,0.019732969
435600,0.023360631
439200,0.022623872
442800,0.018728379
446400,0.011211732
450000,0.009358098
453600,0.004317145
457200,0.000498261
460800,1.4e-07
464400,9.63e-08
468000,2.16e-07
471600,9.75e-08
475200,2.19e-07
478800,3.12e-07
482400,1.58e-07
486000,4.03e-07
489600,1e-10
493200,6.85e-08
496800,1e-10
500400,6.11e-07
504000,0.000611319
507600,0.003300058
511200,0.012154225
514800,0.013897571
518400,0.019523763
522000,0.021848023
525600,0.023791949
529200,0.02265049
532800,0.019568053
536400,0.018575164
540000,0.012278474
543600,0.001688677
547200,7.42e-07
550800,1e-10
554400,1.97e-07
558000,2.98e-07
561600,1.6e-07
565200,2.02e-07
568800,2.6e-07
572400,4.86e-08
576000,1.68e-07
579600,1.5e-09
583200,1.57e-07
586800,3.34e-06
590400,0.002799398
594000,0.009988731
597600,0.018936934
601200,0.017908132
604800,0.023453157
608400,0.024607156
612000,0.024123004
615600,0.019557713
619200,0.019921425
622800,0.014880719
626400,0.011310709
630000,0.00124894
633600,2.26e-07
637200,1e-10
640800,1e-10
644400,2e-07
648000,1.28e-07
651600,5.39e-08
655200,9.55e-08
658800,2.47e-07
662400,4.04e-08
666000,1.57e-07
669600,2.2e-08
673200,1.54e-06
676800,0.001615484
680400,0.007772625
684000,0.01216323
687600,0.01178159
691200,0.014590222
694800,0.01550233
698400,0.016623825
702000,0.015517958
705600,0.014423892
709200,0.007406749
712800,0.005190665
716400,0.000490467
720000,1.93e-07
723600,2.12e-07
727200,1e-10
730800,1.9e-07
734400,2.21e-07
738000,1.94e-08
741600,1e-10
745200,1.21e-07
748800,1.27e-07
752400,3.27e-08
756000,3.46e-07
759600,3.7e-07
763200,0.000395726
766800,0.002746451
770400,0.004431705
774000,0.007297859
777600,0.010033056
781200,0.013504156
784800,0.017416517
788400,0.006258852
792000,0.005444194
795600,0.004101378
799200,0.001639072
802800,0.000328306
806400,3.26e-07
810000,7.58e-08
813600,2.43e-08
817200,1.71e-07
820800,2.56e-07
824400,1.43e-07
828000,1.59e-07
831600,2.89e-07
835200,1.46e-07
838800,1.5e-08
842400,1e-10
846000,8.92e-07
849600,0.000777264
853200,0.00617725
856800,0.020957545
860400,0.023644745
864000,0.024299397
867600,0.02415018
871200,0.023544522
874800,0.02249563
878400,0.021510974
882000,0.014576447
885600,0.007643713
889200,0.001250181
892800,7.13e-07
896400,3.05e-08
9e+05,1.5e-07
903600,1.49e-07
907200,2.21e-07
910800,1e-10
914400,1.03e-07
918000,3.7e-07
921600,3.04e-07
925200,1.51e-07
928800,8.88e-08
932400,4e-06
936000,0.002046515
939600,0.010052901
943200,0.018943862
946800,0.021730966
950400,0.023014139
954000,0.023637192
957600,0.023654208
961200,0.019878033
964800,0.021296037
968400,0.013977185
972000,0.010279409
975600,0.001691845
979200,8.48e-07
982800,7.41e-09
986400,1.81153846153846e-08
990000,1.1723e-07
993600,1.21842142857143e-07
997200,4.88428571428571e-08
1000800,8.42e-08
1004400,1.45828571428571e-07
1008000,3.49857142857143e-08
1011600,3.39714285714286e-08
1015200,5.395e-08
1018800,3.42664285714286e-06
1022400,0.00125088592857143
1026000,0.0065636945
1029600,0.0125169772857143
1033200,0.0177777391428571
1036800,0.0201415652142857
1040400,0.0215628303571429
1044000,0.0216221142857143
1047600,0.0193416889285714
1051200,0.0170740315
1054800,0.0117987660714286
1058400,0.00681315907142857
1062000,0.00102813385714286
1065600,5.29164285714286e-07
1069200,9.84571428571428e-09
1072800,1.81153846153846e-08
1076400,1.1723e-07
1080000,1.21842142857143e-07
1083600,4.88428571428571e-08
1087200,8.42e-08
1090800,1.45828571428571e-07
1094400,3.49857142857143e-08
1098000,3.39714285714286e-08
1101600,5.395e-08
1105200,3.42664285714286e-06
1108800,0.00125088592857143
1112400,0.0065636945
1116000,0.0125169772857143
1119600,0.0177777391428571
1123200,0.0201415652142857
1126800,0.0215628303571429
1130400,0.0216221142857143
1134000,0.0193416889285714
1137600,0.0170740315
1141200,0.0117987660714286
1144800,0.00681315907142857
1148400,0.00102813385714286
1152000,5.29164285714286e-07
1155600,9.84571428571428e-09
1159200,1.81153846153846e-08
1162800,1.1723e-07
1166400,1.21842142857143e-07
1170000,4.88428571428571e-08
1173600,8.42e-08
1177200,1.45828571428571e-07
1180800,3.49857142857143e-08
1184400,3.39714285714286e-08
1188000,5.395e-08
1191600,3.42664285714286e-06
1195200,0.00125088592857143
1198800,0.0065636945
1202400,0.0125169772857143
1206000,0.0177777391428571
1209600,0.0201415652142857
1213200,0.0215628303571429
1216800,0.0216221142857143
1220400,0.0193416889285714
1224000,0.0170740315
1227600,0.0117987660714286
1231200,0.00681315907142857
1234800,0.00102813385714286
1238400,5.29164285714286e-07
1242000,9.84571428571428e-09
1245600,1.81153846153846e-08
1249200,1.1723e-07
1252800,1.21842142857143e-07
1256400,4.88428571428571e-08
1260000,8.42e-08
1263600,1.45828571428571e-07
1267200,3.49857142857143e-08
1270800,3.39714285714286e-08
1274400,5.395e-08
1278000,3.42664285714286e-06
1281600,0.00125088592857143
1285200,0.0065636945
1288800,0.0125169772857143
1292400,0.0177777391428571
1296000,0.0201415652142857
1299600,0.0215628303571429
1303200,0.0216221142857143
1306800,0.0193416889285714
1310400,0.0170740315
1314000,0.0117987660714286
1317600,0.00681315907142857
1321200,0.00102813385714286
1324800,5.29164285714286e-07
1328400,9.84571428571428e-09
1332000,1.81153846153846e-08
1335600,1.1723e-07
1339200,1.21842142857143e-07
1342800,4.88428571428571e-08
1346400,8.42e-08
1350000,1.45828571428571e-07
1353600,3.49857142857143e-08
1357200,3.39714285714286e-08
1360800,5.395e-08
1364400,3.42664285714286e-06
1368000,0.00125088592857143
1371600,0.0065636945
1375200,0.0125169772857143
1378800,0.0177777391428571
1382400,0.0201415652142857
1386000,0.0215628303571429
1389600,0.0216221142857143
1393200,0.0193416889285714
1396800,0.0170740315
1400400,0.0117987660714286
1404000,0.00681315907142857
1407600,0.00102813385714286
1411200,5.29164285714286e-07
1414800,9.84571428571428e-09
1418400,1.81153846153846e-08
1422000,1.1723e-07
1425600,1.21842142857143e-07
1429200,4.88428571428571e-08
1432800,8.42e-08
1436400,1.45828571428571e-07
1440000,3.49857142857143e-08
1443600,3.39714285714286e-08
1447200,5.395e-08
1450800,3.42664285714286e-06
1454400,0.00125088592857143
1458000,0.0065636945
1461600,0.0125169772857143
1465200,0.0177777391428571
1468800,0.0201415652142857
1472400,0.0215628303571429
1476000,0.0216221142857143
1479600,0.0193416889285714
1483200,0.0170740315
1486800,0.0117987660714286
1490400,0.00681315907142857
1494000,0.00102813385714286
1497600,5.29164285714286e-07
1501200,9.84571428571428e-09
1504800,1.81153846153846e-08
1508400,1.1723e-07
1512000,1e-10
1515600,1e-10
1519200,1e-10
1522800,1e-10
1526400,1e-10
1530000,1e-10
1533600,1e-10
1537200,2.7e-06
1540800,0.001008376
1544400,0.007165329
1548000,0.006111799
1551600,0.012192601
1555200,0.016783908
1558800,0.022076978
1562400,0.020822147
1566000,0.016956504
1569600,0.010176081
1573200,0.005102248
1576800,0.003341422
1580400,0.000537682
1584000,8.53e-08
1587600,1e-10
1591200,1e-10
1594800,1.12e-09
1598400,1.34e-07
1602000,1e-10
1605600,2e-07
1609200,2e-09
1612800,8.19e-08
1616400,1.38e-07
1620000,4.04e-08
1623600,2.51e-06
1627200,0.000905822
1630800,0.003358276
1634400,0.005286391
1638000,0.019054982
1641600,0.023096684
1645200,0.017350936
1648800,0.02301799
1652400,0.020721599
1656000,0.017512144
1659600,0.008719502
1663200,0.003114685
1666800,0.000478254
1670400,3.99e-07
1674000,1.25e-07
1677600,1e-10
1681200,6.37e-09
1684800,7.84e-08
1688400,1e-10
1692000,2.56e-07
1695600,1.82e-07
1699200,1e-10
1702800,2.51e-08
1706400,1e-10
1710000,1.38e-06
1713600,0.000462791
1717200,0.004053903
1720800,0.01068264
1724400,0.019866078
1728000,0.017606728
1731600,0.021940247
1735200,0.014000467
1738800,0.020453158
1742400,0.020229056
1746000,0.01522908
1749600,0.005920116
1753200,0.001086909
1756800,7.18e-07
1760400,1.67e-07
1764000,6.13e-08
1767600,8.5e-08
1771200,4.79e-09
1774800,6.99e-08
1778400,8.04e-08
1782000,1e-10
1785600,5.38e-08
1789200,9.96e-08
1792800,1e-10
1796400,8.13e-06
1800000,0.001884401
1803600,0.010688976
1807200,0.01583579
1810800,0.0213214
1814400,0.023768485
1818000,0.023496645
1821600,0.023816489
1825200,0.022024103
1828800,0.020408089
1832400,0.010915059
1836000,0.005741234
1839600,0.000852295
1843200,2.9e-07
1846800,9.43e-09
1850400,1.31e-07
1854000,1.21e-07
1857600,1.27e-07
1861200,1.88e-07
1864800,2.09e-08
1868400,2.07e-07
1872000,1e-10
1875600,2.26e-07
1879200,1.35e-07
1882800,5.3e-06
1886400,0.000919215
1890000,0.004203423
1893600,0.011467367
1897200,0.020699256
1900800,0.022524762
1904400,0.022714411
1908000,0.023212374
1911600,0.020343217
1915200,0.016398039
1918800,0.009033749
1922400,0.003478377
1926000,0.000494184
1929600,8.49e-07
1933200,9.39e-08
1936800,1e-10
1940400,2.29e-07
1944000,1.02e-07
1947600,1e-10
1951200,2.31e-07
1954800,2.09e-07
1958400,1e-10
1962000,1e-10
1965600,6.6e-08
1969200,1.5e-05
1972800,0.002139129
1976400,0.008714526
1980000,0.013378292
1983600,0.021369388
1987200,0.022268365
1990800,0.023827338
1994400,0.024140359
1998000,0.023092788
2001600,0.021831068
2005200,0.017294481
2008800,0.01062426
2012400,0.002350046
2016000,1.42e-06
2019600,1e-10
2023200,1e-10
2026800,1e-10
