0,7.69e-07
3600,9.48e-07
7200,9.13e-07
10800,8.51e-07
14400,6.32e-07
18000,3.79e-07
21600,1.39e-07
25200,1.4e-08
28800,2.95e-11
32400,1e-10
36000,2.98e-11
39600,1.42e-11
43200,1.08e-12
46800,1e-10
50400,1e-10
54000,1.46e-11
57600,1.09e-12
61200,1e-10
64800,1.1e-11
68400,2.6e-11
72000,8.29e-09
75600,7.98e-08
79200,1.62e-07
82800,4.93e-07
86400,7.69e-07
90000,9.48e-07
93600,9.13e-07
97200,8.51e-07
100800,6.32e-07
104400,3.79e-07
108000,1.39e-07
111600,1.4e-08
115200,2.95e-11
118800,1e-10
122400,2.98e-11
126000,1.42e-11
129600,1.08e-12
133200,1e-10
136800,1e-10
140400,1.46e-11
144000,1.09e-12
147600,1e-10
151200,1.1e-11
154800,2.6e-11
158400,8.29e-09
162000,7.98e-08
165600,1.62e-07
169200,4.93e-07
172800,7.69e-07
176400,9.48e-07
180000,9.13e-07
183600,8.51e-07
187200,6.32e-07
190800,3.79e-07
194400,1.39e-07
198000,1.4e-08
201600,2.95e-11
205200,1e-10
208800,2.98e-11
212400,1.42e-11
216000,1.08e-12
219600,1e-10
223200,1e-10
226800,1.46e-11
230400,1.09e-12
234000,1e-10
237600,1.1e-11
241200,2.6e-11
244800,8.29e-09
248400,7.98e-08
252000,1.62e-07
255600,4.93e-07
259200,7.69e-07
262800,9.48e-07
266400,9.13e-07
270000,8.51e-07
273600,6.32e-07
277200,3.79e-07
280800,1.39e-07
284400,1.4e-08
288000,2.95e-11
291600,1e-10
295200,2.98e-11
298800,1.42e-11
302400,1.08e-12
306000,1e-10
309600,1e-10
313200,1.46e-11
316800,1.09e-12
320400,1e-10
324000,1.1e-11
327600,2.6e-11
331200,8.29e-09
334800,7.98e-08
338400,1.62e-07
342000,4.93e-07
345600,7.69e-07
349200,9.48e-07
352800,9.13e-07
356400,8.51e-07
360000,6.32e-07
363600,3.79e-07
367200,1.39e-07
370800,1.4e-08
374400,2.95e-11
378000,1e-10
381600,2.98e-11
385200,1.42e-11
388800,1.89e-11
392400,8.12e-12
396000,1.39e-11
399600,1.17e-11
403200,8.44e-12
406800,1.26e-12
410400,1.35e-11
414000,6.52e-12
417600,1.46e-08
421200,9.7e-08
424800,2.72e-07
428400,5.03e-07
432000,6.79e-07
435600,8.82e-07
439200,8.55e-07
442800,6.7e-07
446400,4.05e-07
450000,2.65e-07
453600,9.17e-08
457200,9.58e-09
460800,1.41e-11
464400,2.13e-11
468000,2.3e-11
471600,1.17e-11
475200,2.31e-11
478800,3.11e-11
482400,1.65e-11
486000,4e-11
489600,1e-10
493200,1.05e-11
496800,2.82e-12
500400,2.52e-11
504000,1.02e-08
507600,6.37e-08
511200,2.32e-07
514800,4.22e-07
518400,7.31e-07
522000,8.83e-07
525600,9.34e-07
529200,8.33e-07
532800,6.44e-07
536400,4.3e-07
540000,1.56e-07
543600,1.58e-08
547200,6.67e-11
550800,1e-10
554400,2.09e-11
558000,2.88e-11
561600,1.65e-11
565200,2.03e-11
568800,2.47e-11
572400,6.02e-12
576000,1.84e-11
579600,3.42e-12
583200,1.85e-11
586800,2.38e-11
590400,1.83e-08
594000,1.19e-07
597600,3.41e-07
601200,5.67e-07
604800,8.83e-07
608400,1.07e-06
612000,1.05e-06
615600,8.82e-07
619200,7.42e-07
622800,4.28e-07
626400,1.77e-07
630000,1.8e-08
633600,2.26e-11
637200,2.58e-13
640800,1e-10
644400,2.19e-11
648000,1.41e-11
651600,6.89e-12
655200,1.08e-11
658800,2.44e-11
662400,5.86e-12
666000,1.55e-11
669600,4.43e-12
673200,3.96e-11
676800,1.9e-08
680400,1.1e-07
684000,2.63e-07
687600,4.07e-07
691200,6e-07
694800,6.95e-07
698400,7.59e-07
702000,6.56e-07
705600,5.62e-07
709200,2.63e-07
712800,1.23e-07
716400,1.23e-08
720000,3.37e-11
723600,2.74e-11
727200,1e-10
730800,2.04e-11
734400,2.34e-11
738000,6.5e-12
741600,1e-10
745200,1.51e-11
748800,1.37e-11
752400,4.45e-12
756000,3.42e-11
759600,2.51e-11
763200,7.37e-09
766800,5.4e-08
770400,1.19e-07
774000,2.58e-07
777600,4.18e-07
781200,5.85e-07
784800,7.6e-07
788400,2.88e-07
792000,2.33e-07
795600,1.56e-07
799200,4.99e-08
802800,7.45e-09
806400,5.4e-11
810000,1.32e-11
813600,5.78e-12
817200,1.91e-11
820800,2.52e-11
824400,1.52e-11
828000,1.74e-11
831600,2.82e-11
835200,1.72e-11
838800,5.4e-12
842400,1e-10
846000,4.62e-11
849600,1.45e-08
853200,1.05e-07
856800,3.88e-07
860400,7.04e-07
864000,9.44e-07
867600,1.07e-06
871200,1.05e-06
874800,9.59e-07
878400,7.73e-07
882000,4.37e-07
885600,1.52e-07
889200,1.68e-08
892800,8.41e-11
896400,7.43e-12
9e+05,1.53e-11
903600,1.55e-11
907200,2.15e-11
910800,1e-10
914400,1.25e-11
918000,3.52e-11
921600,3.05e-11
925200,1.81e-11
928800,1.16e-11
932400,6.79e-11
936000,1.68e-08
939600,1.28e-07
943200,3.65e-07
946800,6.64e-07
950400,9.04e-07
954000,1.04e-06
957600,1.05e-06
961200,8.83e-07
964800,7.53e-07
968400,4.01e-07
972000,1.55e-07
975600,1.78e-08
979200,1.05e-10
982800,4.68e-13
986400,3.93692307692308e-12
990000,1.31392307692308e-11
993600,1.33557142857143e-11
997200,6.767e-12
1000800,9.78e-12
1004400,1.54664285714286e-11
1008000,6.11428571428571e-12
1011600,5.72357142857143e-12
1015200,8.5165e-12
1018800,4.56442857142857e-11
1022400,1.39257142857143e-08
1026000,9.09428571428571e-08
1029600,2.35571428571429e-07
1033200,4.85e-07
1036800,7.17857142857143e-07
1040400,8.67714285714286e-07
1044000,8.88928571428571e-07
1047600,7.64857142857143e-07
1051200,5.91857142857143e-07
1054800,3.265e-07
1058400,1.1915e-07
1062000,1.36207142857143e-08
1065600,3.84857142857143e-11
1069200,5.03685714285714e-12
1072800,3.93692307692308e-12
1076400,1.31392307692308e-11
1080000,1.33557142857143e-11
1083600,6.767e-12
1087200,9.78e-12
1090800,1.54664285714286e-11
1094400,6.11428571428571e-12
1098000,5.72357142857143e-12
1101600,8.5165e-12
1105200,4.56442857142857e-11
1108800,1.39257142857143e-08
1112400,9.09428571428571e-08
1116000,2.35571428571429e-07
1119600,4.85e-07
1123200,7.17857142857143e-07
1126800,8.67714285714286e-07
1130400,8.88928571428571e-07
1134000,7.64857142857143e-07
1137600,5.91857142857143e-07
1141200,3.265e-07
1144800,1.1915e-07
1148400,1.36207142857143e-08
1152000,3.84857142857143e-11
1155600,5.03685714285714e-12
1159200,3.93692307692308e-12
1162800,1.31392307692308e-11
1166400,1.33557142857143e-11
1170000,6.767e-12
1173600,9.78e-12
1177200,1.54664285714286e-11
1180800,6.11428571428571e-12
1184400,5.72357142857143e-12
1188000,8.5165e-12
1191600,4.56442857142857e-11
1195200,1.39257142857143e-08
1198800,9.09428571428571e-08
1202400,2.35571428571429e-07
1206000,4.85e-07
1209600,7.17857142857143e-07
1213200,8.67714285714286e-07
1216800,8.88928571428571e-07
1220400,7.64857142857143e-07
1224000,5.91857142857143e-07
1227600,3.265e-07
1231200,1.1915e-07
1234800,1.36207142857143e-08
1238400,3.84857142857143e-11
1242000,5.03685714285714e-12
1245600,3.93692307692308e-12
1249200,1.31392307692308e-11
1252800,1.33557142857143e-11
1256400,6.767e-12
1260000,9.78e-12
1263600,1.54664285714286e-11
1267200,6.11428571428571e-12
1270800,5.72357142857143e-12
1274400,8.5165e-12
1278000,4.56442857142857e-11
1281600,1.39257142857143e-08
1285200,9.09428571428571e-08
1288800,2.35571428571429e-07
1292400,4.85e-07
1296000,7.17857142857143e-07
1299600,8.67714285714286e-07
1303200,8.88928571428571e-07
1306800,7.64857142857143e-07
1310400,5.91857142857143e-07
1314000,3.265e-07
1317600,1.1915e-07
1321200,1.36207142857143e-08
1324800,3.84857142857143e-11
1328400,5.03685714285714e-12
1332000,3.93692307692308e-12
1335600,1.31392307692308e-11
1339200,1.33557142857143e-11
1342800,6.767e-12
1346400,9.78e-12
1350000,1.54664285714286e-11
1353600,6.11428571428571e-12
1357200,5.72357142857143e-12
1360800,8.5165e-12
1364400,4.56442857142857e-11
1368000,1.39257142857143e-08
1371600,9.09428571428571e-08
1375200,2.35571428571429e-07
1378800,4.85e-07
1382400,7.17857142857143e-07
1386000,8.67714285714286e-07
1389600,8.88928571428571e-07
1393200,7.64857142857143e-07
1396800,5.91857142857143e-07
1400400,3.265e-07
1404000,1.1915e-07
1407600,1.36207142857143e-08
1411200,3.84857142857143e-11
1414800,5.03685714285714e-12
1418400,3.93692307692308e-12
1422000,1.31392307692308e-11
1425600,1.33557142857143e-11
1429200,6.767e-12
1432800,9.78e-12
1436400,1.54664285714286e-11
1440000,6.11428571428571e-12
1443600,5.72357142857143e-12
1447200,8.5165e-12
1450800,4.56442857142857e-11
1454400,1.39257142857143e-08
1458000,9.09428571428571e-08
1461600,2.35571428571429e-07
1465200,4.85e-07
1468800,7.17857142857143e-07
1472400,8.67714285714286e-07
1476000,8.88928571428571e-07
1479600,7.64857142857143e-07
1483200,5.91857142857143e-07
1486800,3.265e-07
1490400,1.1915e-07
1494000,1.36207142857143e-08
1497600,3.84857142857143e-11
1501200,5.03685714285714e-12
1504800,3.93692307692308e-12
1508400,1.31392307692308e-11
1512000,1e-10
1515600,1e-10
1519200,1e-10
1522800,1e-10
1526400,1.92e-12
1530000,1e-10
1533600,1e-10
1537200,2.55e-11
1540800,1.41e-08
1544400,7.79e-08
1548000,1.02e-07
1551600,2.69e-07
1555200,5.57e-07
1558800,8e-07
1562400,7.74e-07
1566000,6.32e-07
1569600,3.57e-07
1573200,1.64e-07
1576800,7.11e-08
1580400,9.84e-09
1584000,1e-10
1587600,1e-10
1591200,1e-10
1594800,2.54e-12
1598400,1.34e-11
1602000,1e-10
1605600,1.99e-11
1609200,2.96e-12
1612800,8.43e-12
1616400,1.35e-11
1620000,5.53e-12
1623600,3.53e-11
1627200,7.72e-09
1630800,5.06e-08
1634400,1.23e-07
1638000,4.69e-07
1641600,7.16e-07
1645200,6.51e-07
1648800,8.86e-07
1652400,7.66e-07
1656000,5.7e-07
1659600,2.59e-07
1663200,7.66e-08
1666800,7.92e-09
1670400,1.76e-11
1674000,1.47e-11
1677600,1e-10
1681200,2.08e-12
1684800,8.58e-12
1688400,1e-10
1692000,2.3e-11
1695600,1.82e-11
1699200,1e-10
1702800,3.34e-12
1706400,1e-10
1710000,2.95e-11
1713600,8.78e-09
1717200,7.51e-08
1720800,1.87e-07
1724400,4.46e-07
1728000,5.7e-07
1731600,7.69e-07
1735200,5.39e-07
1738800,7.18e-07
1742400,6.16e-07
1746000,3.52e-07
1749600,1.03e-07
1753200,1.36e-08
1756800,2.66e-11
1760400,1.63e-11
1764000,7.38e-12
1767600,9.79e-12
1771200,3.18e-12
1774800,7.8e-12
1778400,7.84e-12
1782000,1e-10
1785600,7.72e-12
1789200,1.09e-11
1792800,1e-10
1796400,8.54e-11
1800000,1.68e-08
1803600,1.1e-07
1807200,2.44e-07
1810800,5e-07
1814400,7.44e-07
1818000,8.83e-07
1821600,9.07e-07
1825200,8.18e-07
1828800,6.39e-07
1832400,2.92e-07
1836000,1.06e-07
1839600,1.51e-08
1843200,1e-11
1846800,3.03e-12
1850400,1.33e-11
1854000,1.28e-11
1857600,1.33e-11
1861200,1.88e-11
1864800,3.98e-12
1868400,1.9e-11
1872000,1e-10
1875600,2.14e-11
1879200,1.61e-11
1882800,9e-11
1886400,1.52e-08
1890000,8.11e-08
1893600,2.26e-07
1897200,5.12e-07
1900800,7.38e-07
1904400,8.79e-07
1908000,9.08e-07
1911600,7.56e-07
1915200,5.61e-07
1918800,2.67e-07
1922400,8.88e-08
1926000,1.11e-08
1929600,6.15e-11
1933200,1.38e-11
1936800,1e-10
1940400,2.29e-11
1944000,1.16e-11
1947600,1e-10
1951200,2.24e-11
1954800,2.01e-11
1958400,1e-10
1962000,1e-10
1965600,1.22e-11
1969200,1.13e-10
1972800,2.33e-08
1976400,1.22e-07
1980000,2.74e-07
1983600,5.76e-07
1987200,7.97e-07
1990800,9.93e-07
1994400,1.06e-06
1998000,9.96e-07
2001600,7.99e-07
2005200,4.78e-07
2008800,1.79e-07
2012400,2.14e-08
2016000,3.57e-11
2019600,1e-10
2023200,1e-10
2026800,1e-10
