0,1.22e-06
3600,1.5e-06
7200,1.44e-06
10800,1.35e-06
14400,1e-06
18000,6.06e-07
21600,2.24e-07
25200,2.3e-08
28800,4.67e-11
32400,1e-10
36000,4.93e-11
39600,2.34e-11
43200,1.6e-12
46800,1e-10
50400,1e-10
54000,2.41e-11
57600,1.66e-12
61200,1e-10
64800,1.8e-11
68400,4.35e-11
72000,1.42e-08
75600,1.35e-07
79200,2.66e-07
82800,7.91e-07
86400,1.22e-06
90000,1.5e-06
93600,1.44e-06
97200,1.35e-06
100800,1e-06
104400,6.06e-07
108000,2.24e-07
111600,2.3e-08
115200,4.67e-11
118800,1e-10
122400,4.93e-11
126000,2.34e-11
129600,1.6e-12
133200,1e-10
136800,1e-10
140400,2.41e-11
144000,1.66e-12
147600,1e-10
151200,1.8e-11
154800,4.35e-11
158400,1.42e-08
162000,1.35e-07
165600,2.66e-07
169200,7.91e-07
172800,1.22e-06
176400,1.5e-06
180000,1.44e-06
183600,1.35e-06
187200,1e-06
190800,6.06e-07
194400,2.24e-07
198000,2.3e-08
201600,4.67e-11
205200,1e-10
208800,4.93e-11
212400,2.34e-11
216000,1.6e-12
219600,1e-10
223200,1e-10
226800,2.41e-11
230400,1.66e-12
234000,1e-10
237600,1.8e-11
241200,4.35e-11
244800,1.42e-08
248400,1.35e-07
252000,2.66e-07
255600,7.91e-07
259200,1.22e-06
262800,1.5e-06
266400,1.44e-06
270000,1.35e-06
273600,1e-06
277200,6.06e-07
280800,2.24e-07
284400,2.3e-08
288000,4.67e-11
291600,1e-10
295200,4.93e-11
298800,2.34e-11
302400,1.6e-12
306000,1e-10
309600,1e-10
313200,2.41e-11
316800,1.66e-12
320400,1e-10
324000,1.8e-11
327600,4.35e-11
331200,1.42e-08
334800,1.35e-07
338400,2.66e-07
342000,7.91e-07
345600,1.22e-06
349200,1.5e-06
352800,1.44e-06
356400,1.35e-06
360000,1e-06
363600,6.06e-07
367200,2.24e-07
370800,2.3e-08
374400,4.67e-11
378000,1e-10
381600,4.93e-11
385200,2.34e-11
388800,3.11e-11
392400,1.33e-11
396000,2.27e-11
399600,1.92e-11
403200,1.38e-11
406800,1.98e-12
410400,2.23e-11
414000,1.16e-11
417600,2.5e-08
421200,1.64e-07
424800,4.49e-07
428400,8.07e-07
432000,1.08e-06
435600,1.4e-06
439200,1.35e-06
442800,1.06e-06
446400,6.42e-07
450000,4.23e-07
453600,1.48e-07
457200,1.58e-08
460800,2.25e-11
464400,3.39e-11
468000,3.8e-11
471600,1.92e-11
475200,3.81e-11
478800,5.14e-11
482400,2.71e-11
486000,6.62e-11
489600,1e-10
493200,1.72e-11
496800,4.49e-12
500400,4.25e-11
504000,1.74e-08
507600,1.08e-07
511200,3.82e-07
514800,6.76e-07
518400,1.16e-06
522000,1.39e-06
525600,1.47e-06
529200,1.32e-06
532800,1.02e-06
536400,6.87e-07
540000,2.53e-07
543600,2.6e-08
547200,1.05e-10
550800,1e-10
554400,3.45e-11
558000,4.76e-11
561600,2.73e-11
565200,3.35e-11
568800,4.08e-11
572400,9.9e-12
576000,3.04e-11
579600,5.63e-12
583200,3.06e-11
586800,4.08e-11
590400,3.13e-08
594000,2.01e-07
597600,5.62e-07
601200,9.07e-07
604800,1.4e-06
608400,1.68e-06
612000,1.65e-06
615600,1.39e-06
619200,1.18e-06
622800,6.84e-07
626400,2.86e-07
630000,2.96e-08
633600,3.62e-11
637200,1e-13
640800,1e-10
644400,3.6e-11
648000,2.33e-11
651600,1.13e-11
655200,1.78e-11
658800,4.02e-11
662400,9.59e-12
666000,2.55e-11
669600,7.23e-12
673200,6.68e-11
676800,3.24e-08
680400,1.86e-07
684000,4.33e-07
687600,6.5e-07
691200,9.51e-07
694800,1.1e-06
698400,1.2e-06
702000,1.04e-06
705600,8.91e-07
709200,4.19e-07
712800,1.98e-07
716400,2.02e-08
720000,5.28e-11
723600,4.43e-11
727200,1e-10
730800,3.36e-11
734400,3.87e-11
738000,1.06e-11
741600,1e-10
745200,2.48e-11
748800,2.26e-11
752400,7.21e-12
756000,5.63e-11
759600,4.21e-11
763200,1.26e-08
766800,9.12e-08
770400,1.96e-07
774000,4.13e-07
777600,6.62e-07
781200,9.24e-07
784800,1.2e-06
788400,4.55e-07
792000,3.71e-07
795600,2.49e-07
799200,8.07e-08
802800,1.22e-08
806400,8.5e-11
810000,2.12e-11
813600,9.5e-12
817200,3.15e-11
820800,4.16e-11
824400,2.5e-11
828000,2.87e-11
831600,4.66e-11
835200,2.84e-11
838800,8.89e-12
842400,1e-10
846000,7.75e-11
849600,2.49e-08
853200,1.77e-07
856800,6.39e-07
860400,1.13e-06
864000,1.5e-06
867600,1.69e-06
871200,1.66e-06
874800,1.52e-06
878400,1.23e-06
882000,6.98e-07
885600,2.46e-07
889200,2.76e-08
892800,1.32e-10
896400,1.17e-11
9e+05,2.53e-11
903600,2.55e-11
907200,3.56e-11
910800,1e-10
914400,2.07e-11
918000,5.81e-11
921600,5.03e-11
925200,2.98e-11
928800,1.92e-11
932400,1.15e-10
936000,2.86e-08
939600,2.16e-07
943200,6.01e-07
946800,1.06e-06
950400,1.43e-06
954000,1.63e-06
957600,1.67e-06
961200,1.4e-06
964800,1.2e-06
968400,6.41e-07
972000,2.52e-07
975600,2.93e-08
979200,1.66e-10
982800,1.17e-12
986400,6.45076923076923e-12
990000,2.15946153846154e-11
993600,2.20214285714286e-11
997200,1.10867857142857e-11
1000800,1.60714285714286e-11
1004400,2.54807142857143e-11
1008000,1.00128571428571e-11
1011600,9.36428571428571e-12
1015200,1.39624642857143e-11
1018800,7.76357142857143e-11
1022400,2.37785714285714e-08
1026000,1.537e-07
1029600,3.89714285714286e-07
1033200,7.79714285714286e-07
1036800,1.13971428571429e-06
1040400,1.371e-06
1044000,1.40364285714286e-06
1047600,1.20957142857143e-06
1051200,9.395e-07
1054800,5.21285714285714e-07
1058400,1.92692857142857e-07
1062000,2.24357142857143e-08
1065600,6.12357142857143e-11
1069200,8.03642857142857e-12
1072800,6.45076923076923e-12
1076400,2.15946153846154e-11
1080000,2.20214285714286e-11
1083600,1.10867857142857e-11
1087200,1.60714285714286e-11
1090800,2.54807142857143e-11
1094400,1.00128571428571e-11
1098000,9.36428571428571e-12
1101600,1.39624642857143e-11
1105200,7.76357142857143e-11
1108800,2.37785714285714e-08
1112400,1.537e-07
1116000,3.89714285714286e-07
1119600,7.79714285714286e-07
1123200,1.13971428571429e-06
1126800,1.371e-06
1130400,1.40364285714286e-06
1134000,1.20957142857143e-06
1137600,9.395e-07
1141200,5.21285714285714e-07
1144800,1.92692857142857e-07
1148400,2.24357142857143e-08
1152000,6.12357142857143e-11
1155600,8.03642857142857e-12
1159200,6.45076923076923e-12
1162800,2.15946153846154e-11
1166400,2.20214285714286e-11
1170000,1.10867857142857e-11
1173600,1.60714285714286e-11
1177200,2.54807142857143e-11
1180800,1.00128571428571e-11
1184400,9.36428571428571e-12
1188000,1.39624642857143e-11
1191600,7.76357142857143e-11
1195200,2.37785714285714e-08
1198800,1.537e-07
1202400,3.89714285714286e-07
1206000,7.79714285714286e-07
1209600,1.13971428571429e-06
1213200,1.371e-06
1216800,1.40364285714286e-06
1220400,1.20957142857143e-06
1224000,9.395e-07
1227600,5.21285714285714e-07
1231200,1.92692857142857e-07
1234800,2.24357142857143e-08
1238400,6.12357142857143e-11
1242000,8.03642857142857e-12
1245600,6.45076923076923e-12
1249200,2.15946153846154e-11
1252800,2.20214285714286e-11
1256400,1.10867857142857e-11
1260000,1.60714285714286e-11
1263600,2.54807142857143e-11
1267200,1.00128571428571e-11
1270800,9.36428571428571e-12
1274400,1.39624642857143e-11
1278000,7.76357142857143e-11
1281600,2.37785714285714e-08
1285200,1.537e-07
1288800,3.89714285714286e-07
1292400,7.79714285714286e-07
1296000,1.13971428571429e-06
1299600,1.371e-06
1303200,1.40364285714286e-06
1306800,1.20957142857143e-06
1310400,9.395e-07
1314000,5.21285714285714e-07
1317600,1.92692857142857e-07
1321200,2.24357142857143e-08
1324800,6.12357142857143e-11
1328400,8.03642857142857e-12
1332000,6.45076923076923e-12
1335600,2.15946153846154e-11
1339200,2.20214285714286e-11
1342800,1.10867857142857e-11
1346400,1.60714285714286e-11
1350000,2.54807142857143e-11
1353600,1.00128571428571e-11
1357200,9.36428571428571e-12
1360800,1.39624642857143e-11
1364400,7.76357142857143e-11
1368000,2.37785714285714e-08
1371600,1.537e-07
1375200,3.89714285714286e-07
1378800,7.79714285714286e-07
1382400,1.13971428571429e-06
1386000,1.371e-06
1389600,1.40364285714286e-06
1393200,1.20957142857143e-06
1396800,9.395e-07
1400400,5.21285714285714e-07
1404000,1.92692857142857e-07
1407600,2.24357142857143e-08
1411200,6.12357142857143e-11
1414800,8.03642857142857e-12
1418400,6.45076923076923e-12
1422000,2.15946153846154e-11
1425600,2.20214285714286e-11
1429200,1.10867857142857e-11
1432800,1.60714285714286e-11
1436400,2.54807142857143e-11
1440000,1.00128571428571e-11
1443600,9.36428571428571e-12
1447200,1.39624642857143e-11
1450800,7.76357142857143e-11
1454400,2.37785714285714e-08
1458000,1.537e-07
1461600,3.89714285714286e-07
1465200,7.79714285714286e-07
1468800,1.13971428571429e-06
1472400,1.371e-06
1476000,1.40364285714286e-06
1479600,1.20957142857143e-06
1483200,9.395e-07
1486800,5.21285714285714e-07
1490400,1.92692857142857e-07
1494000,2.24357142857143e-08
1497600,6.12357142857143e-11
1501200,8.03642857142857e-12
1504800,6.45076923076923e-12
1508400,2.15946153846154e-11
1512000,1e-10
1515600,1e-10
1519200,1e-10
1522800,1e-10
1526400,2.98e-12
1530000,1e-10
1533600,1e-10
1537200,4.44e-11
1540800,2.4e-08
1544400,1.32e-07
1548000,1.71e-07
1551600,4.36e-07
1555200,8.86e-07
1558800,1.27e-06
1562400,1.22e-06
1566000,9.99e-07
1569600,5.66e-07
1573200,2.62e-07
1576800,1.15e-07
1580400,1.62e-08
1584000,1e-10
1587600,1e-10
1591200,1e-10
1594800,4.11e-12
1598400,2.21e-11
1602000,1e-10
1605600,3.28e-11
1609200,4.76e-12
1612800,1.39e-11
1616400,2.22e-11
1620000,9.01e-12
1623600,6.09e-11
1627200,1.32e-08
1630800,8.56e-08
1634400,2.04e-07
1638000,7.59e-07
1641600,1.14e-06
1645200,1.03e-06
1648800,1.4e-06
1652400,1.21e-06
1656000,9.05e-07
1659600,4.13e-07
1663200,1.24e-07
1666800,1.31e-08
1670400,2.88e-11
1674000,2.39e-11
1677600,1e-10
1681200,3.32e-12
1684800,1.41e-11
1688400,1e-10
1692000,3.8e-11
1695600,2.99e-11
1699200,1e-10
1702800,5.52e-12
1706400,1e-10
1710000,4.98e-11
1713600,1.5e-08
1717200,1.27e-07
1720800,3.11e-07
1724400,7.21e-07
1728000,9.07e-07
1731600,1.22e-06
1735200,8.51e-07
1738800,1.14e-06
1742400,9.78e-07
1746000,5.62e-07
1749600,1.66e-07
1753200,2.25e-08
1756800,4.28e-11
1760400,2.69e-11
1764000,1.21e-11
1767600,1.61e-11
1771200,5.2e-12
1774800,1.29e-11
1778400,1.29e-11
1782000,1e-10
1785600,1.26e-11
1789200,1.79e-11
1792800,1e-10
1796400,1.46e-10
1800000,2.86e-08
1803600,1.86e-07
1807200,4.08e-07
1810800,8.09e-07
1814400,1.18e-06
1818000,1.4e-06
1821600,1.43e-06
1825200,1.29e-06
1828800,1.01e-06
1832400,4.65e-07
1836000,1.72e-07
1839600,2.49e-08
1843200,1.68e-11
1846800,4.79e-12
1850400,2.19e-11
1854000,2.09e-11
1857600,2.19e-11
1861200,3.09e-11
1864800,6.52e-12
1868400,3.14e-11
1872000,1e-10
1875600,3.53e-11
1879200,2.64e-11
1882800,1.53e-10
1886400,2.59e-08
1890000,1.37e-07
1893600,3.77e-07
1897200,8.27e-07
1900800,1.17e-06
1904400,1.39e-06
1908000,1.43e-06
1911600,1.19e-06
1915200,8.9e-07
1918800,4.26e-07
1922400,1.43e-07
1926000,1.84e-08
1929600,9.83e-11
1933200,2.27e-11
1936800,1e-10
1940400,3.78e-11
1944000,1.91e-11
1947600,1e-10
1951200,3.69e-11
1954800,3.32e-11
1958400,1e-10
1962000,1e-10
1965600,1.99e-11
1969200,1.93e-10
1972800,3.98e-08
1976400,2.06e-07
1980000,4.57e-07
1983600,9.3e-07
1987200,1.27e-06
1990800,1.57e-06
1994400,1.68e-06
1998000,1.57e-06
2001600,1.27e-06
2005200,7.63e-07
2008800,2.9e-07
2012400,3.53e-08
2016000,5.91e-11
2019600,1e-10
2023200,1e-10
2026800,1e-10
