0,2.26e-06
3600,2.67e-06
7200,2.54e-06
10800,2.42e-06
14400,1.88e-06
18000,1.24e-06
21600,5.34e-07
25200,6.61e-08
28800,8.16e-11
32400,1e-10
36000,9.63e-11
39600,4.59e-11
43200,1e-10
46800,1e-10
50400,1e-10
54000,4.43e-11
57600,1e-10
61200,1e-10
64800,3.25e-11
68400,1.17e-10
72000,4.62e-08
75600,3.74e-07
79200,6.18e-07
82800,1.6e-06
86400,2.26e-06
90000,2.67e-06
93600,2.54e-06
97200,2.42e-06
100800,1.88e-06
104400,1.24e-06
108000,5.34e-07
111600,6.61e-08
115200,8.16e-11
118800,1e-10
122400,9.63e-11
126000,4.59e-11
129600,1e-10
133200,1e-10
136800,1e-10
140400,4.43e-11
144000,1e-10
147600,1e-10
151200,3.25e-11
154800,1.17e-10
158400,4.62e-08
162000,3.74e-07
165600,6.18e-07
169200,1.6e-06
172800,2.26e-06
176400,2.67e-06
180000,2.54e-06
183600,2.42e-06
187200,1.88e-06
190800,1.24e-06
194400,5.34e-07
198000,6.61e-08
201600,8.16e-11
205200,1e-10
208800,9.63e-11
212400,4.59e-11
216000,1e-10
219600,1e-10
223200,1e-10
226800,4.43e-11
230400,1e-10
234000,1e-10
237600,3.25e-11
241200,1.17e-10
244800,4.62e-08
248400,3.74e-07
252000,6.18e-07
255600,1.6e-06
259200,2.26e-06
262800,2.67e-06
266400,2.54e-06
270000,2.42e-06
273600,1.88e-06
277200,1.24e-06
280800,5.34e-07
284400,6.61e-08
288000,8.16e-11
291600,1e-10
295200,9.63e-11
298800,4.59e-11
302400,1e-10
306000,1e-10
309600,1e-10
313200,4.43e-11
316800,1e-10
320400,1e-10
324000,3.25e-11
327600,1.17e-10
331200,4.62e-08
334800,3.74e-07
338400,6.18e-07
342000,1.6e-06
345600,2.26e-06
349200,2.67e-06
352800,2.54e-06
356400,2.42e-06
360000,1.88e-06
363600,1.24e-06
367200,5.34e-07
370800,6.61e-08
374400,8.16e-11
378000,1e-10
381600,9.63e-11
385200,4.59e-11
388800,6.12e-11
392400,2.52e-11
396000,4.1e-11
399600,3.62e-11
403200,2.43e-11
406800,1.91e-12
410400,4.3e-11
414000,7.39e-11
417600,8.23e-08
421200,4.74e-07
424800,1.08e-06
428400,1.65e-06
432000,2.01e-06
435600,2.5e-06
439200,2.41e-06
442800,1.93e-06
446400,1.2e-06
450000,8.45e-07
453600,3.34e-07
457200,4.36e-08
460800,3.91e-11
464400,5.3e-11
468000,7.46e-11
471600,3.69e-11
475200,7.35e-11
478800,1.01e-10
482400,5.2e-11
486000,1.3e-10
489600,1e-10
493200,3.1e-11
496800,6.49e-12
500400,1.24e-10
504000,5.61e-08
507600,2.91e-07
511200,8.98e-07
514800,1.35e-06
518400,2.14e-06
522000,2.48e-06
525600,2.62e-06
529200,2.38e-06
532800,1.92e-06
536400,1.41e-06
540000,6.01e-07
543600,7.49e-08
547200,1.77e-10
550800,1e-10
554400,6.62e-11
558000,9.45e-11
561600,5.28e-11
565200,6.45e-11
568800,8.11e-11
572400,1.78e-11
576000,5.86e-11
579600,9.29e-12
583200,5.82e-11
586800,1.65e-10
590400,1.06e-07
594000,5.76e-07
597600,1.34e-06
601200,1.81e-06
604800,2.58e-06
608400,2.97e-06
612000,2.9e-06
615600,2.47e-06
619200,2.18e-06
622800,1.37e-06
626400,6.69e-07
630000,8.45e-08
633600,7.02e-11
637200,1e-10
640800,1e-10
644400,6.91e-11
648000,4.52e-11
651600,2.18e-11
655200,3.35e-11
658800,7.87e-11
662400,1.71e-11
666000,4.98e-11
669600,1.22e-11
673200,2.08e-10
676800,1.07e-07
680400,5.23e-07
684000,1e-06
687600,1.27e-06
691200,1.73e-06
694800,1.93e-06
698400,2.09e-06
702000,1.84e-06
705600,1.64e-06
709200,8.12e-07
712800,4.43e-07
716400,5.51e-08
720000,8.87e-11
723600,7.81e-11
727200,1e-10
730800,6.5e-11
734400,7.51e-11
738000,1.67e-11
741600,1e-10
745200,4.67e-11
748800,4.37e-11
752400,1.27e-11
756000,1.11e-10
759600,1.13e-10
763200,3.89e-08
766800,2.43e-07
770400,4.41e-07
774000,8.11e-07
777600,1.21e-06
781200,1.64e-06
784800,2.11e-06
788400,8.1e-07
792000,6.78e-07
795600,4.79e-07
799200,1.74e-07
802800,3.32e-08
806400,1.39e-10
810000,3.5e-11
813600,1.63e-11
817200,5.97e-11
820800,8.25e-11
824400,4.82e-11
828000,5.54e-11
831600,9.23e-11
835200,5.52e-11
838800,1.54e-11
842400,1e-10
846000,2.19e-10
849600,7.81e-08
853200,4.83e-07
856800,1.52e-06
860400,2.28e-06
864000,2.76e-06
867600,3e-06
871200,2.94e-06
874800,2.72e-06
878400,2.31e-06
882000,1.41e-06
885600,5.71e-07
889200,7.94e-08
892800,2.18e-10
896400,1.88e-11
9e+05,5.06e-11
903600,4.96e-11
907200,7.09e-11
910800,1e-10
914400,4e-11
918000,1.15e-10
921600,9.86e-11
925200,5.63e-11
928800,3.69e-11
932400,3.84e-10
936000,9.46e-08
939600,6.2e-07
943200,1.43e-06
946800,2.15e-06
950400,2.65e-06
954000,2.9e-06
957600,2.94e-06
961200,2.49e-06
964800,2.25e-06
968400,1.29e-06
972000,5.96e-07
975600,8.58e-08
979200,2.72e-10
982800,3.73e-12
986400,1.11e-11
990000,4.12115384615385e-11
993600,4.23115714285714e-11
997200,1.99807142857143e-11
1000800,3.02785714285714e-11
1004400,4.89307142857143e-11
1008000,1.75010714285714e-11
1011600,1.66428571428571e-11
1015200,2.55328571428571e-11
1018800,2.75421428571429e-10
1022400,7.69e-08
1026000,4.28785714285714e-07
1029600,9.34928571428571e-07
1033200,1.60078571428571e-06
1036800,2.12928571428571e-06
1040400,2.44714285714286e-06
1044000,2.485e-06
1047600,2.16642857142857e-06
1051200,1.74985714285714e-06
1054800,1.0445e-06
1058400,4.43642857142857e-07
1062000,6.34642857142857e-08
1065600,1.17071428571429e-10
1069200,1.19392857142857e-11
1072800,1.11e-11
1076400,4.12115384615385e-11
1080000,4.23115714285714e-11
1083600,1.99807142857143e-11
1087200,3.02785714285714e-11
1090800,4.89307142857143e-11
1094400,1.75010714285714e-11
1098000,1.66428571428571e-11
1101600,2.55328571428571e-11
1105200,2.75421428571429e-10
1108800,7.69e-08
1112400,4.28785714285714e-07
1116000,9.34928571428571e-07
1119600,1.60078571428571e-06
1123200,2.12928571428571e-06
1126800,2.44714285714286e-06
1130400,2.485e-06
1134000,2.16642857142857e-06
1137600,1.74985714285714e-06
1141200,1.0445e-06
1144800,4.43642857142857e-07
1148400,6.34642857142857e-08
1152000,1.17071428571429e-10
1155600,1.19392857142857e-11
1159200,1.11e-11
1162800,4.12115384615385e-11
1166400,4.23115714285714e-11
1170000,1.99807142857143e-11
1173600,3.02785714285714e-11
1177200,4.89307142857143e-11
1180800,1.75010714285714e-11
1184400,1.66428571428571e-11
1188000,2.55328571428571e-11
1191600,2.75421428571429e-10
1195200,7.69e-08
1198800,4.28785714285714e-07
1202400,9.34928571428571e-07
1206000,1.60078571428571e-06
1209600,2.12928571428571e-06
1213200,2.44714285714286e-06
1216800,2.485e-06
1220400,2.16642857142857e-06
1224000,1.74985714285714e-06
1227600,1.0445e-06
1231200,4.43642857142857e-07
1234800,6.34642857142857e-08
1238400,1.17071428571429e-10
1242000,1.19392857142857e-11
1245600,1.11e-11
1249200,4.12115384615385e-11
1252800,4.23115714285714e-11
1256400,1.99807142857143e-11
1260000,3.02785714285714e-11
1263600,4.89307142857143e-11
1267200,1.75010714285714e-11
1270800,1.66428571428571e-11
1274400,2.55328571428571e-11
1278000,2.75421428571429e-10
1281600,7.69e-08
1285200,4.28785714285714e-07
1288800,9.34928571428571e-07
1292400,1.60078571428571e-06
1296000,2.12928571428571e-06
1299600,2.44714285714286e-06
1303200,2.485e-06
1306800,2.16642857142857e-06
1310400,1.74985714285714e-06
1314000,1.0445e-06
1317600,4.43642857142857e-07
1321200,6.34642857142857e-08
1324800,1.17071428571429e-10
1328400,1.19392857142857e-11
1332000,1.11e-11
1335600,4.12115384615385e-11
1339200,4.23115714285714e-11
1342800,1.99807142857143e-11
1346400,3.02785714285714e-11
1350000,4.89307142857143e-11
1353600,1.75010714285714e-11
1357200,1.66428571428571e-11
1360800,2.55328571428571e-11
1364400,2.75421428571429e-10
1368000,7.69e-08
1371600,4.28785714285714e-07
1375200,9.34928571428571e-07
1378800,1.60078571428571e-06
1382400,2.12928571428571e-06
1386000,2.44714285714286e-06
1389600,2.485e-06
1393200,2.16642857142857e-06
1396800,1.74985714285714e-06
1400400,1.0445e-06
1404000,4.43642857142857e-07
1407600,6.34642857142857e-08
1411200,1.17071428571429e-10
1414800,1.19392857142857e-11
1418400,1.11e-11
1422000,4.12115384615385e-11
1425600,4.23115714285714e-11
1429200,1.99807142857143e-11
1432800,3.02785714285714e-11
1436400,4.89307142857143e-11
1440000,1.75010714285714e-11
1443600,1.66428571428571e-11
1447200,2.55328571428571e-11
1450800,2.75421428571429e-10
1454400,7.69e-08
1458000,4.28785714285714e-07
1461600,9.34928571428571e-07
1465200,1.60078571428571e-06
1468800,2.12928571428571e-06
1472400,2.44714285714286e-06
1476000,2.485e-06
1479600,2.16642857142857e-06
1483200,1.74985714285714e-06
1486800,1.0445e-06
1490400,4.43642857142857e-07
1494000,6.34642857142857e-08
1497600,1.17071428571429e-10
1501200,1.19392857142857e-11
1504800,1.11e-11
1508400,4.12115384615385e-11
1512000,1e-10
1515600,1e-10
1519200,1e-10
1522800,1e-10
1526400,3.52e-12
1530000,1e-10
1533600,1e-10
1537200,2.11e-10
1540800,7.74e-08
1544400,3.78e-07
1548000,4.31e-07
1551600,9.4e-07
1555200,1.68e-06
1558800,2.3e-06
1562400,2.2e-06
1566000,1.8e-06
1569600,1.05e-06
1573200,5.13e-07
1576800,2.63e-07
1580400,4.49e-08
1584000,1e-10
1587600,1e-10
1591200,1e-10
1594800,5.59e-12
1598400,4.38e-11
1602000,1e-10
1605600,6.38e-11
1609200,7.23e-12
1612800,2.71e-11
1616400,4.34e-11
1620000,1.69e-11
1623600,2.76e-10
1627200,4.4e-08
1630800,2.35e-07
1634400,4.88e-07
1638000,1.61e-06
1641600,2.2e-06
1645200,1.87e-06
1648800,2.51e-06
1652400,2.19e-06
1656000,1.69e-06
1659600,8.21e-07
1663200,2.72e-07
1666800,3.71e-08
1670400,7.2e-11
1674000,4.47e-11
1677600,1e-10
1681200,5.46e-12
1684800,2.74e-11
1688400,1e-10
1692000,7.67e-11
1695600,5.83e-11
1699200,1e-10
1702800,1.04e-11
1706400,1e-10
1710000,1.54e-10
1713600,4.66e-08
1717200,3.44e-07
1720800,7.75e-07
1724400,1.55e-06
1728000,1.73e-06
1731600,2.22e-06
1735200,1.53e-06
1738800,2.06e-06
1742400,1.84e-06
1746000,1.15e-06
1749600,3.83e-07
1753200,6.44e-08
1756800,1.03e-10
1760400,5.34e-11
1764000,2.21e-11
1767600,3.03e-11
1771200,8.32e-12
1774800,2.48e-11
1778400,2.53e-11
1782000,1e-10
1785600,2.16e-11
1789200,3.39e-11
1792800,1e-10
1796400,5.72e-10
1800000,9.46e-08
1803600,5.34e-07
1807200,1.03e-06
1810800,1.72e-06
1814400,2.26e-06
1818000,2.51e-06
1821600,2.54e-06
1825200,2.31e-06
1828800,1.89e-06
1832400,9.26e-07
1836000,3.9e-07
1839600,6.94e-08
1843200,5.96e-11
1846800,6.33e-12
1850400,4.19e-11
1854000,3.96e-11
1857600,4.22e-11
1861200,5.91e-11
1864800,1.14e-11
1868400,6.17e-11
1872000,1e-10
1875600,6.92e-11
1879200,4.95e-11
1882800,5.04e-10
1886400,7.88e-08
1890000,3.62e-07
1893600,9.18e-07
1897200,1.74e-06
1900800,2.22e-06
1904400,2.49e-06
1908000,2.53e-06
1911600,2.14e-06
1915200,1.64e-06
1918800,8.37e-07
1922400,3.14e-07
1926000,5.01e-08
1929600,1.97e-10
1933200,4.07e-11
1936800,1e-10
1940400,7.33e-11
1944000,3.54e-11
1947600,1e-10
1951200,7.26e-11
1954800,6.57e-11
1958400,1e-10
1962000,1e-10
1965600,3.67e-11
1969200,7.35e-10
1972800,1.26e-07
1976400,5.66e-07
1980000,1.12e-06
1983600,1.93e-06
1987200,2.38e-06
1990800,2.78e-06
1994400,2.93e-06
1998000,2.77e-06
2001600,2.33e-06
2005200,1.52e-06
2008800,6.67e-07
2012400,1e-07
2016000,1.52e-10
2019600,1e-10
2023200,1e-10
2026800,1e-10
