0,1.98e-06
3600,2.42e-06
7200,2.32e-06
10800,2.17e-06
14400,1.62e-06
18000,9.79e-07
21600,3.63e-07
25200,3.7e-08
28800,7.59e-11
32400,1e-10
36000,8.24e-11
39600,3.91e-11
43200,2.97e-12
46800,1e-10
50400,1e-10
54000,4.04e-11
57600,2.87e-12
61200,1e-10
64800,3.02e-11
68400,7.2e-11
72000,2.33e-08
75600,2.24e-07
79200,4.4e-07
82800,1.29e-06
86400,1.98e-06
90000,2.42e-06
93600,2.32e-06
97200,2.17e-06
100800,1.62e-06
104400,9.79e-07
108000,3.63e-07
111600,3.7e-08
115200,7.59e-11
118800,1e-10
122400,8.24e-11
126000,3.91e-11
129600,2.97e-12
133200,1e-10
136800,1e-10
140400,4.04e-11
144000,2.87e-12
147600,1e-10
151200,3.02e-11
154800,7.2e-11
158400,2.33e-08
162000,2.24e-07
165600,4.4e-07
169200,1.29e-06
172800,1.98e-06
176400,2.42e-06
180000,2.32e-06
183600,2.17e-06
187200,1.62e-06
190800,9.79e-07
194400,3.63e-07
198000,3.7e-08
201600,7.59e-11
205200,1e-10
208800,8.24e-11
212400,3.91e-11
216000,2.97e-12
219600,1e-10
223200,1e-10
226800,4.04e-11
230400,2.87e-12
234000,1e-10
237600,3.02e-11
241200,7.2e-11
244800,2.33e-08
248400,2.24e-07
252000,4.4e-07
255600,1.29e-06
259200,1.98e-06
262800,2.42e-06
266400,2.32e-06
270000,2.17e-06
273600,1.62e-06
277200,9.79e-07
280800,3.63e-07
284400,3.7e-08
288000,7.59e-11
291600,1e-10
295200,8.24e-11
298800,3.91e-11
302400,2.97e-12
306000,1e-10
309600,1e-10
313200,4.04e-11
316800,2.87e-12
320400,1e-10
324000,3.02e-11
327600,7.2e-11
331200,2.33e-08
334800,2.24e-07
338400,4.4e-07
342000,1.29e-06
345600,1.98e-06
349200,2.42e-06
352800,2.32e-06
356400,2.17e-06
360000,1.62e-06
363600,9.79e-07
367200,3.63e-07
370800,3.7e-08
374400,7.59e-11
378000,1e-10
381600,8.24e-11
385200,3.91e-11
388800,5.22e-11
392400,2.23e-11
396000,3.81e-11
399600,3.22e-11
403200,2.33e-11
406800,3.36e-12
410400,3.73e-11
414000,1.82e-11
417600,4.1e-08
421200,2.71e-07
424800,7.4e-07
428400,1.31e-06
432000,1.75e-06
435600,2.25e-06
439200,2.18e-06
442800,1.71e-06
446400,1.04e-06
450000,6.85e-07
453600,2.41e-07
457200,2.56e-08
460800,3.68e-11
464400,5.57e-11
468000,6.36e-11
471600,3.22e-11
475200,6.37e-11
478800,8.59e-11
482400,4.54e-11
486000,1.11e-10
489600,1e-10
493200,2.89e-11
496800,7.58e-12
500400,7.02e-11
504000,2.88e-08
507600,1.79e-07
511200,6.3e-07
514800,1.1e-06
518400,1.88e-06
522000,2.25e-06
525600,2.38e-06
529200,2.12e-06
532800,1.65e-06
536400,1.11e-06
540000,4.08e-07
543600,4.2e-08
547200,1.71e-10
550800,1e-10
554400,5.77e-11
558000,7.97e-11
561600,4.57e-11
565200,5.6e-11
568800,6.82e-11
572400,1.66e-11
576000,5.1e-11
579600,9.43e-12
583200,5.13e-11
586800,6.58e-11
590400,5.11e-08
594000,3.32e-07
597600,9.26e-07
601200,1.48e-06
604800,2.27e-06
608400,2.72e-06
612000,2.66e-06
615600,2.25e-06
619200,1.9e-06
622800,1.11e-06
626400,4.63e-07
630000,4.78e-08
633600,5.95e-11
637200,7.42e-14
640800,1e-10
644400,6.01e-11
648000,3.9e-11
651600,1.9e-11
655200,2.98e-11
658800,6.72e-11
662400,1.62e-11
666000,4.27e-11
669600,1.22e-11
673200,1.1e-10
676800,5.33e-08
680400,3.09e-07
684000,7.15e-07
687600,1.06e-06
691200,1.54e-06
694800,1.77e-06
698400,1.93e-06
702000,1.67e-06
705600,1.44e-06
709200,6.79e-07
712800,3.22e-07
716400,3.29e-08
720000,8.61e-11
723600,7.34e-11
727200,1e-10
730800,5.62e-11
734400,6.47e-11
738000,1.77e-11
741600,1e-10
745200,4.16e-11
748800,3.78e-11
752400,1.21e-11
756000,9.43e-11
759600,6.98e-11
763200,2.08e-08
766800,1.52e-07
770400,3.25e-07
774000,6.75e-07
777600,1.07e-06
781200,1.49e-06
784800,1.93e-06
788400,7.35e-07
792000,6e-07
795600,4.04e-07
799200,1.31e-07
802800,1.99e-08
806400,1.39e-10
810000,3.52e-11
813600,1.58e-11
817200,5.26e-11
820800,6.96e-11
824400,4.17e-11
828000,4.81e-11
831600,7.78e-11
835200,4.76e-11
838800,1.48e-11
842400,1e-10
846000,1.28e-10
849600,4.11e-08
853200,2.93e-07
856800,1.05e-06
860400,1.84e-06
864000,2.43e-06
867600,2.73e-06
871200,2.68e-06
874800,2.45e-06
878400,1.99e-06
882000,1.13e-06
885600,3.99e-07
889200,4.46e-08
892800,2.15e-10
896400,1.95e-11
9e+05,4.25e-11
903600,4.27e-11
907200,5.94e-11
910800,1e-10
914400,3.46e-11
918000,9.72e-11
921600,8.41e-11
925200,4.98e-11
928800,3.22e-11
932400,1.88e-10
936000,4.69e-08
939600,3.57e-07
943200,9.89e-07
946800,1.74e-06
950400,2.32e-06
954000,2.64e-06
957600,2.69e-06
961200,2.25e-06
964800,1.93e-06
968400,1.04e-06
972000,4.08e-07
975600,4.72e-08
979200,2.7e-10
982800,2.17e-12
986400,1.07861538461538e-11
990000,3.61361538461538e-11
993600,3.68764285714286e-11
997200,1.85414285714286e-11
1000800,2.69357142857143e-11
1004400,4.26685714285714e-11
1008000,1.679e-11
1011600,1.57028571428571e-11
1015200,2.34415714285714e-11
1018800,1.26457142857143e-10
1022400,3.90785714285714e-08
1026000,2.54571428571429e-07
1029600,6.43714285714286e-07
1033200,1.27435714285714e-06
1036800,1.84928571428571e-06
1040400,2.21214285714286e-06
1044000,2.26428571428571e-06
1047600,1.94892857142857e-06
1051200,1.5175e-06
1054800,8.44428571428571e-07
1058400,3.12357142857143e-07
1062000,3.63285714285714e-08
1065600,9.99e-11
1069200,1.33824428571429e-11
1072800,1.07861538461538e-11
1076400,3.61361538461538e-11
1080000,3.68764285714286e-11
1083600,1.85414285714286e-11
1087200,2.69357142857143e-11
1090800,4.26685714285714e-11
1094400,1.679e-11
1098000,1.57028571428571e-11
1101600,2.34415714285714e-11
1105200,1.26457142857143e-10
1108800,3.90785714285714e-08
1112400,2.54571428571429e-07
1116000,6.43714285714286e-07
1119600,1.27435714285714e-06
1123200,1.84928571428571e-06
1126800,2.21214285714286e-06
1130400,2.26428571428571e-06
1134000,1.94892857142857e-06
1137600,1.5175e-06
1141200,8.44428571428571e-07
1144800,3.12357142857143e-07
1148400,3.63285714285714e-08
1152000,9.99e-11
1155600,1.33824428571429e-11
1159200,1.07861538461538e-11
1162800,3.61361538461538e-11
1166400,3.68764285714286e-11
1170000,1.85414285714286e-11
1173600,2.69357142857143e-11
1177200,4.26685714285714e-11
1180800,1.679e-11
1184400,1.57028571428571e-11
1188000,2.34415714285714e-11
1191600,1.26457142857143e-10
1195200,3.90785714285714e-08
1198800,2.54571428571429e-07
1202400,6.43714285714286e-07
1206000,1.27435714285714e-06
1209600,1.84928571428571e-06
1213200,2.21214285714286e-06
1216800,2.26428571428571e-06
1220400,1.94892857142857e-06
1224000,1.5175e-06
1227600,8.44428571428571e-07
1231200,3.12357142857143e-07
1234800,3.63285714285714e-08
1238400,9.99e-11
1242000,1.33824428571429e-11
1245600,1.07861538461538e-11
1249200,3.61361538461538e-11
1252800,3.68764285714286e-11
1256400,1.85414285714286e-11
1260000,2.69357142857143e-11
1263600,4.26685714285714e-11
1267200,1.679e-11
1270800,1.57028571428571e-11
1274400,2.34415714285714e-11
1278000,1.26457142857143e-10
1281600,3.90785714285714e-08
1285200,2.54571428571429e-07
1288800,6.43714285714286e-07
1292400,1.27435714285714e-06
1296000,1.84928571428571e-06
1299600,2.21214285714286e-06
1303200,2.26428571428571e-06
1306800,1.94892857142857e-06
1310400,1.5175e-06
1314000,8.44428571428571e-07
1317600,3.12357142857143e-07
1321200,3.63285714285714e-08
1324800,9.99e-11
1328400,1.33824428571429e-11
1332000,1.07861538461538e-11
1335600,3.61361538461538e-11
1339200,3.68764285714286e-11
1342800,1.85414285714286e-11
1346400,2.69357142857143e-11
1350000,4.26685714285714e-11
1353600,1.679e-11
1357200,1.57028571428571e-11
1360800,2.34415714285714e-11
1364400,1.26457142857143e-10
1368000,3.90785714285714e-08
1371600,2.54571428571429e-07
1375200,6.43714285714286e-07
1378800,1.27435714285714e-06
1382400,1.84928571428571e-06
1386000,2.21214285714286e-06
1389600,2.26428571428571e-06
1393200,1.94892857142857e-06
1396800,1.5175e-06
1400400,8.44428571428571e-07
1404000,3.12357142857143e-07
1407600,3.63285714285714e-08
1411200,9.99e-11
1414800,1.33824428571429e-11
1418400,1.07861538461538e-11
1422000,3.61361538461538e-11
1425600,3.68764285714286e-11
1429200,1.85414285714286e-11
1432800,2.69357142857143e-11
1436400,4.26685714285714e-11
1440000,1.679e-11
1443600,1.57028571428571e-11
1447200,2.34415714285714e-11
1450800,1.26457142857143e-10
1454400,3.90785714285714e-08
1458000,2.54571428571429e-07
1461600,6.43714285714286e-07
1465200,1.27435714285714e-06
1468800,1.84928571428571e-06
1472400,2.21214285714286e-06
1476000,2.26428571428571e-06
1479600,1.94892857142857e-06
1483200,1.5175e-06
1486800,8.44428571428571e-07
1490400,3.12357142857143e-07
1494000,3.63285714285714e-08
1497600,9.99e-11
1501200,1.33824428571429e-11
1504800,1.07861538461538e-11
1508400,3.61361538461538e-11
1512000,1e-10
1515600,1e-10
1519200,1e-10
1522800,1e-10
1526400,5.06e-12
1530000,1e-10
1533600,1e-10
1537200,7.06e-11
1540800,3.95e-08
1544400,2.18e-07
1548000,2.83e-07
1551600,7.16e-07
1555200,1.44e-06
1558800,2.04e-06
1562400,1.97e-06
1566000,1.61e-06
1569600,9.15e-07
1573200,4.24e-07
1576800,1.87e-07
1580400,2.64e-08
1584000,1e-10
1587600,1e-10
1591200,1e-10
1594800,6.96e-12
1598400,3.69e-11
1602000,1e-10
1605600,5.49e-11
1609200,8.06e-12
1612800,2.32e-11
1616400,3.72e-11
1620000,1.51e-11
1623600,9.72e-11
1627200,2.16e-08
1630800,1.42e-07
1634400,3.4e-07
1638000,1.24e-06
1641600,1.85e-06
1645200,1.66e-06
1648800,2.26e-06
1652400,1.95e-06
1656000,1.46e-06
1659600,6.7e-07
1663200,2.01e-07
1666800,2.13e-08
1670400,4.73e-11
1674000,4.01e-11
1677600,1e-10
1681200,5.51e-12
1684800,2.36e-11
1688400,1e-10
1692000,6.34e-11
1695600,5e-11
1699200,1e-10
1702800,9.25e-12
1706400,1e-10
1710000,8.16e-11
1713600,2.47e-08
1717200,2.11e-07
1720800,5.16e-07
1724400,1.18e-06
1728000,1.47e-06
1731600,1.97e-06
1735200,1.37e-06
1738800,1.83e-06
1742400,1.58e-06
1746000,9.09e-07
1749600,2.69e-07
1753200,3.64e-08
1756800,6.96e-11
1760400,4.51e-11
1764000,2.03e-11
1767600,2.7e-11
1771200,8.8e-12
1774800,2.15e-11
1778400,2.15e-11
1782000,1e-10
1785600,2.09e-11
1789200,2.99e-11
1792800,1e-10
1796400,2.36e-10
1800000,4.69e-08
1803600,3.07e-07
1807200,6.75e-07
1810800,1.33e-06
1814400,1.92e-06
1818000,2.26e-06
1821600,2.31e-06
1825200,2.08e-06
1828800,1.64e-06
1832400,7.52e-07
1836000,2.79e-07
1839600,4.05e-08
1843200,2.7e-11
1846800,8.01e-12
1850400,3.66e-11
1854000,3.51e-11
1857600,3.67e-11
1861200,5.16e-11
1864800,1.09e-11
1868400,5.24e-11
1872000,1e-10
1875600,5.91e-11
1879200,4.43e-11
1882800,2.5e-10
1886400,4.27e-08
1890000,2.28e-07
1893600,6.25e-07
1897200,1.36e-06
1900800,1.91e-06
1904400,2.24e-06
1908000,2.31e-06
1911600,1.92e-06
1915200,1.44e-06
1918800,6.9e-07
1922400,2.33e-07
1926000,2.99e-08
1929600,1.61e-10
1933200,3.8e-11
1936800,1e-10
1940400,6.31e-11
1944000,3.2e-11
1947600,1e-10
1951200,6.21e-11
1954800,5.56e-11
1958400,1e-10
1962000,1e-10
1965600,3.36e-11
1969200,3.13e-10
1972800,6.54e-08
1976400,3.41e-07
1980000,7.58e-07
1983600,1.52e-06
1987200,2.06e-06
1990800,2.53e-06
1994400,2.71e-06
1998000,2.54e-06
2001600,2.04e-06
2005200,1.24e-06
2008800,4.69e-07
2012400,5.71e-08
2016000,9.75e-11
2019600,1e-10
2023200,1e-10
2026800,1e-10
