0,6.74e-06
3600,8e-06
7200,7.64e-06
10800,7.22e-06
14400,5.51e-06
18000,3.48e-06
21600,1.4e-06
25200,1.59e-07
28800,2.52e-10
32400,1e-10
36000,3.01e-10
39600,1.42e-10
43200,4.64e-12
46800,1e-10
50400,1e-10
54000,1.43e-10
57600,4.67e-12
61200,1e-10
64800,1.06e-10
68400,3.04e-10
72000,1.1e-07
75600,9.73e-07
79200,1.73e-06
82800,4.66e-06
86400,6.74e-06
90000,8e-06
93600,7.64e-06
97200,7.22e-06
100800,5.51e-06
104400,3.48e-06
108000,1.4e-06
111600,1.59e-07
115200,2.52e-10
118800,1e-10
122400,3.01e-10
126000,1.42e-10
129600,4.64e-12
133200,1e-10
136800,1e-10
140400,1.43e-10
144000,4.67e-12
147600,1e-10
151200,1.06e-10
154800,3.04e-10
158400,1.1e-07
162000,9.73e-07
165600,1.73e-06
169200,4.66e-06
172800,6.74e-06
176400,8e-06
180000,7.64e-06
183600,7.22e-06
187200,5.51e-06
190800,3.48e-06
194400,1.4e-06
198000,1.59e-07
201600,2.52e-10
205200,1e-10
208800,3.01e-10
212400,1.42e-10
216000,4.64e-12
219600,1e-10
223200,1e-10
226800,1.43e-10
230400,4.67e-12
234000,1e-10
237600,1.06e-10
241200,3.04e-10
244800,1.1e-07
248400,9.73e-07
252000,1.73e-06
255600,4.66e-06
259200,6.74e-06
262800,8e-06
266400,7.64e-06
270000,7.22e-06
273600,5.51e-06
277200,3.48e-06
280800,1.4e-06
284400,1.59e-07
288000,2.52e-10
291600,1e-10
295200,3.01e-10
298800,1.42e-10
302400,4.64e-12
306000,1e-10
309600,1e-10
313200,1.43e-10
316800,4.67e-12
320400,1e-10
324000,1.06e-10
327600,3.04e-10
331200,1.1e-07
334800,9.73e-07
338400,1.73e-06
342000,4.66e-06
345600,6.74e-06
349200,8e-06
352800,7.64e-06
356400,7.22e-06
360000,5.51e-06
363600,3.48e-06
367200,1.4e-06
370800,1.59e-07
374400,2.52e-10
378000,1e-10
381600,3.01e-10
385200,1.42e-10
388800,1.9e-10
392400,7.95e-11
396000,1.33e-10
399600,1.15e-10
403200,8.04e-11
406800,8.05e-12
410400,1.35e-10
414000,1.31e-10
417600,1.95e-07
421200,1.2e-06
424800,2.95e-06
428400,4.77e-06
432000,5.97e-06
435600,7.48e-06
439200,7.21e-06
442800,5.72e-06
446400,3.53e-06
450000,2.41e-06
453600,9.1e-07
457200,1.08e-07
460800,1.22e-10
464400,1.79e-10
468000,2.33e-10
471600,1.16e-10
475200,2.3e-10
478800,3.14e-10
482400,1.63e-10
486000,4.05e-10
489600,1e-10
493200,1.01e-10
496800,2.31e-11
500400,3.09e-10
504000,1.35e-07
507600,7.7e-07
511200,2.48e-06
514800,3.97e-06
518400,6.39e-06
522000,7.45e-06
525600,7.84e-06
529200,7.07e-06
532800,5.6e-06
536400,3.94e-06
540000,1.57e-06
543600,1.8e-07
547200,5.63e-10
550800,1e-10
554400,2.08e-10
558000,2.92e-10
561600,1.66e-10
565200,2.02e-10
568800,2.51e-10
572400,5.75e-11
576000,1.84e-10
579600,3.1e-11
583200,1.84e-10
586800,3.47e-10
590400,2.45e-07
594000,1.46e-06
597600,3.66e-06
601200,5.32e-06
604800,7.71e-06
608400,8.96e-06
612000,8.74e-06
615600,7.42e-06
619200,6.42e-06
622800,3.9e-06
626400,1.77e-06
630000,2.05e-07
633600,2.08e-10
637200,1e-10
640800,1e-10
644400,2.17e-10
648000,1.42e-10
651600,6.82e-11
655200,1.05e-10
658800,2.45e-10
662400,5.51e-11
666000,1.54e-10
669600,4.06e-11
673200,4.99e-10
676800,2.52e-07
680400,1.35e-06
684000,2.8e-06
687600,3.78e-06
691200,5.21e-06
694800,5.84e-06
698400,6.31e-06
702000,5.53e-06
705600,4.85e-06
709200,2.36e-06
712800,1.21e-06
716400,1.38e-07
720000,2.81e-10
723600,2.51e-10
727200,1e-10
730800,2.04e-10
734400,2.35e-10
738000,5.76e-11
741600,1e-10
745200,1.49e-10
748800,1.36e-10
752400,4.06e-11
756000,3.45e-10
759600,2.95e-10
763200,9.61e-08
766800,6.48e-07
770400,1.26e-06
774000,2.41e-06
777600,3.65e-06
781200,4.95e-06
784800,6.36e-06
788400,2.44e-06
792000,2.02e-06
795600,1.4e-06
799200,4.87e-07
802800,8.33e-08
806400,4.51e-10
810000,1.17e-10
813600,5.4e-11
817200,1.89e-10
820800,2.55e-10
824400,1.5e-10
828000,1.74e-10
831600,2.85e-10
835200,1.73e-10
838800,5.08e-11
842400,1e-10
846000,5.55e-10
849600,1.91e-07
853200,1.27e-06
856800,4.17e-06
860400,6.65e-06
864000,8.26e-06
867600,9.04e-06
871200,8.85e-06
874800,8.15e-06
878400,6.77e-06
882000,4e-06
885600,1.53e-06
889200,1.92e-07
892800,7e-10
896400,6.32e-11
9e+05,1.57e-10
903600,1.55e-10
907200,2.18e-10
910800,1e-10
914400,1.25e-10
918000,3.56e-10
921600,3.06e-10
925200,1.79e-10
928800,1.16e-10
932400,8.87e-10
936000,2.23e-07
939600,1.57e-06
943200,3.92e-06
946800,6.27e-06
950400,7.93e-06
954000,8.74e-06
957600,8.86e-06
961200,7.49e-06
964800,6.59e-06
968400,3.67e-06
972000,1.57e-06
975600,2.05e-07
979200,8.77e-10
982800,1.08e-11
986400,3.64076923076923e-11
990000,1.29715384615385e-10
993600,1.32781428571429e-10
997200,6.41928571428571e-11
1000800,9.56857142857143e-11
1004400,1.53721428571429e-10
1008000,5.72692857142857e-11
1011600,5.38821428571429e-11
1015200,8.21214285714286e-11
1018800,6.175e-10
1022400,1.8365e-07
1026000,1.10764285714286e-06
1029600,2.57142857142857e-06
1033200,4.65357142857143e-06
1036800,6.355e-06
1040400,7.35928571428571e-06
1044000,7.46642857142857e-06
1047600,6.46928571428571e-06
1051200,5.13785714285714e-06
1054800,2.975e-06
1058400,1.19057142857143e-06
1062000,1.55271428571429e-07
1065600,3.47142857142857e-10
1069200,4.17835714285714e-11
1072800,3.64076923076923e-11
1076400,1.29715384615385e-10
1080000,1.32781428571429e-10
1083600,6.41928571428571e-11
1087200,9.56857142857143e-11
1090800,1.53721428571429e-10
1094400,5.72692857142857e-11
1098000,5.38821428571429e-11
1101600,8.21214285714286e-11
1105200,6.175e-10
1108800,1.8365e-07
1112400,1.10764285714286e-06
1116000,2.57142857142857e-06
1119600,4.65357142857143e-06
1123200,6.355e-06
1126800,7.35928571428571e-06
1130400,7.46642857142857e-06
1134000,6.46928571428571e-06
1137600,5.13785714285714e-06
1141200,2.975e-06
1144800,1.19057142857143e-06
1148400,1.55271428571429e-07
1152000,3.47142857142857e-10
1155600,4.17835714285714e-11
1159200,3.64076923076923e-11
1162800,1.29715384615385e-10
1166400,1.32781428571429e-10
1170000,6.41928571428571e-11
1173600,9.56857142857143e-11
1177200,1.53721428571429e-10
1180800,5.72692857142857e-11
1184400,5.38821428571429e-11
1188000,8.21214285714286e-11
1191600,6.175e-10
1195200,1.8365e-07
1198800,1.10764285714286e-06
1202400,2.57142857142857e-06
1206000,4.65357142857143e-06
1209600,6.355e-06
1213200,7.35928571428571e-06
1216800,7.46642857142857e-06
1220400,6.46928571428571e-06
1224000,5.13785714285714e-06
1227600,2.975e-06
1231200,1.19057142857143e-06
1234800,1.55271428571429e-07
1238400,3.47142857142857e-10
1242000,4.17835714285714e-11
1245600,3.64076923076923e-11
1249200,1.29715384615385e-10
1252800,1.32781428571429e-10
1256400,6.41928571428571e-11
1260000,9.56857142857143e-11
1263600,1.53721428571429e-10
1267200,5.72692857142857e-11
1270800,5.38821428571429e-11
1274400,8.21214285714286e-11
1278000,6.175e-10
1281600,1.8365e-07
1285200,1.10764285714286e-06
1288800,2.57142857142857e-06
1292400,4.65357142857143e-06
1296000,6.355e-06
1299600,7.35928571428571e-06
1303200,7.46642857142857e-06
1306800,6.46928571428571e-06
1310400,5.13785714285714e-06
1314000,2.975e-06
1317600,1.19057142857143e-06
1321200,1.55271428571429e-07
1324800,3.47142857142857e-10
1328400,4.17835714285714e-11
1332000,3.64076923076923e-11
1335600,1.29715384615385e-10
1339200,1.32781428571429e-10
1342800,6.41928571428571e-11
1346400,9.56857142857143e-11
1350000,1.53721428571429e-10
1353600,5.72692857142857e-11
1357200,5.38821428571429e-11
1360800,8.21214285714286e-11
1364400,6.175e-10
1368000,1.8365e-07
1371600,1.10764285714286e-06
1375200,2.57142857142857e-06
1378800,4.65357142857143e-06
1382400,6.355e-06
1386000,7.35928571428571e-06
1389600,7.46642857142857e-06
1393200,6.46928571428571e-06
1396800,5.13785714285714e-06
1400400,2.975e-06
1404000,1.19057142857143e-06
1407600,1.55271428571429e-07
1411200,3.47142857142857e-10
1414800,4.17835714285714e-11
1418400,3.64076923076923e-11
1422000,1.29715384615385e-10
1425600,1.32781428571429e-10
1429200,6.41928571428571e-11
1432800,9.56857142857143e-11
1436400,1.53721428571429e-10
1440000,5.72692857142857e-11
1443600,5.38821428571429e-11
1447200,8.21214285714286e-11
1450800,6.175e-10
1454400,1.8365e-07
1458000,1.10764285714286e-06
1461600,2.57142857142857e-06
1465200,4.65357142857143e-06
1468800,6.355e-06
1472400,7.35928571428571e-06
1476000,7.46642857142857e-06
1479600,6.46928571428571e-06
1483200,5.13785714285714e-06
1486800,2.975e-06
1490400,1.19057142857143e-06
1494000,1.55271428571429e-07
1497600,3.47142857142857e-10
1501200,4.17835714285714e-11
1504800,3.64076923076923e-11
1508400,1.29715384615385e-10
1512000,1e-10
1515600,1e-10
1519200,1e-10
1522800,1e-10
1526400,1.44e-11
1530000,1e-10
1533600,1e-10
1537200,4.11e-10
1540800,1.85e-07
1544400,9.57e-07
1548000,1.17e-06
1551600,2.68e-06
1555200,5.02e-06
1558800,6.89e-06
1562400,6.56e-06
1566000,5.36e-06
1569600,3.09e-06
1573200,1.49e-06
1576800,7.15e-07
1580400,1.12e-07
1584000,1e-10
1587600,1e-10
1591200,1e-10
1594800,2.12e-11
1598400,1.35e-10
1602000,1e-10
1605600,1.99e-10
1609200,2.53e-11
1612800,8.34e-11
1616400,1.35e-10
1620000,5.32e-11
1623600,5.48e-10
1627200,1.03e-07
1630800,6.14e-07
1634400,1.36e-06
1638000,4.63e-06
1641600,6.5e-06
1645200,5.6e-06
1648800,7.5e-06
1652400,6.49e-06
1656000,4.95e-06
1659600,2.36e-06
1663200,7.53e-07
1666800,9.15e-08
1670400,1.88e-10
1674000,1.42e-10
1677600,1e-10
1681200,1.72e-11
1684800,8.47e-11
1688400,1e-10
1692000,2.34e-10
1695600,1.81e-10
1699200,1e-10
1702800,3.23e-11
1706400,1e-10
1710000,3.69e-10
1713600,1.14e-07
1717200,9.07e-07
1720800,2.11e-06
1724400,4.43e-06
1728000,5.15e-06
1731600,6.63e-06
1735200,4.56e-06
1738800,6.1e-06
1742400,5.36e-06
1746000,3.23e-06
1749600,1.03e-06
1753200,1.57e-07
1756800,2.69e-10
1760400,1.66e-10
1764000,7.07e-11
1767600,9.59e-11
1771200,2.91e-11
1774800,7.73e-11
1778400,7.82e-11
1782000,1e-10
1785600,7.12e-11
1789200,1.07e-10
1792800,1e-10
1796400,1.22e-09
1800000,2.23e-07
1803600,1.35e-06
1807200,2.78e-06
1810800,4.93e-06
1814400,6.69e-06
1818000,7.55e-06
1821600,7.63e-06
1825200,6.89e-06
1828800,5.53e-06
1832400,2.65e-06
1836000,1.06e-06
1839600,1.72e-07
1843200,1.3e-10
1846800,2.35e-11
1850400,1.31e-10
1854000,1.25e-10
1857600,1.32e-10
1861200,1.86e-10
1864800,3.69e-11
1868400,1.91e-10
1872000,1e-10
1875600,2.15e-10
1879200,1.57e-10
1882800,1.18e-09
1886400,1.95e-07
1890000,9.68e-07
1893600,2.53e-06
1897200,5.02e-06
1900800,6.63e-06
1904400,7.48e-06
1908000,7.61e-06
1911600,6.36e-06
1915200,4.84e-06
1918800,2.41e-06
1922400,8.73e-07
1926000,1.26e-07
1929600,5.75e-10
1933200,1.33e-10
1936800,1e-10
1940400,2.29e-10
1944000,1.13e-10
1947600,1e-10
1951200,2.26e-10
1954800,2.04e-10
1958400,1e-10
1962000,1e-10
1965600,1.18e-10
1969200,1.59e-09
1972800,3.04e-07
1976400,1.47e-06
1980000,3.08e-06
1983600,5.63e-06
1987200,7.12e-06
1990800,8.42e-06
1994400,8.86e-06
1998000,8.33e-06
2001600,6.87e-06
2005200,4.35e-06
2008800,1.79e-06
2012400,2.45e-07
2016000,3.98e-10
2019600,1e-10
2023200,1e-10
2026800,1e-10
