0,2.64e-05
3600,3.12e-05
7200,2.98e-05
10800,2.81e-05
14400,2.16e-05
18000,1.37e-05
21600,5.56e-06
25200,6.36e-07
28800,9.81e-10
32400,1e-10
36000,1.23e-09
39600,5.78e-10
43200,1.58e-11
46800,1e-10
50400,1e-10
54000,5.81e-10
57600,1.53e-11
61200,1e-10
64800,4.31e-10
68400,1.23e-09
72000,4.48e-07
75600,3.98e-06
79200,6.97e-06
82800,1.85e-05
86400,2.64e-05
90000,3.12e-05
93600,2.98e-05
97200,2.81e-05
100800,2.16e-05
104400,1.37e-05
108000,5.56e-06
111600,6.36e-07
115200,9.81e-10
118800,1e-10
122400,1.23e-09
126000,5.78e-10
129600,1.58e-11
133200,1e-10
136800,1e-10
140400,5.81e-10
144000,1.53e-11
147600,1e-10
151200,4.31e-10
154800,1.23e-09
158400,4.48e-07
162000,3.98e-06
165600,6.97e-06
169200,1.85e-05
172800,2.64e-05
176400,3.12e-05
180000,2.98e-05
183600,2.81e-05
187200,2.16e-05
190800,1.37e-05
194400,5.56e-06
198000,6.36e-07
201600,9.81e-10
205200,1e-10
208800,1.23e-09
212400,5.78e-10
216000,1.58e-11
219600,1e-10
223200,1e-10
226800,5.81e-10
230400,1.53e-11
234000,1e-10
237600,4.31e-10
241200,1.23e-09
244800,4.48e-07
248400,3.98e-06
252000,6.97e-06
255600,1.85e-05
259200,2.64e-05
262800,3.12e-05
266400,2.98e-05
270000,2.81e-05
273600,2.16e-05
277200,1.37e-05
280800,5.56e-06
284400,6.36e-07
288000,9.81e-10
291600,1e-10
295200,1.23e-09
298800,5.78e-10
302400,1.58e-11
306000,1e-10
309600,1e-10
313200,5.81e-10
316800,1.53e-11
320400,1e-10
324000,4.31e-10
327600,1.23e-09
331200,4.48e-07
334800,3.98e-06
338400,6.97e-06
342000,1.85e-05
345600,2.64e-05
349200,3.12e-05
352800,2.98e-05
356400,2.81e-05
360000,2.16e-05
363600,1.37e-05
367200,5.56e-06
370800,6.36e-07
374400,9.81e-10
378000,1e-10
381600,1.23e-09
385200,5.78e-10
388800,7.69e-10
392400,3.23e-10
396000,5.4e-10
399600,4.67e-10
403200,3.26e-10
406800,3.32e-11
410400,5.47e-10
414000,5.17e-10
417600,7.93e-07
421200,4.9e-06
424800,1.19e-05
428400,1.9e-05
432000,2.34e-05
435600,2.91e-05
439200,2.81e-05
442800,2.23e-05
446400,1.38e-05
450000,9.51e-06
453600,3.61e-06
457200,4.32e-07
460800,4.77e-10
464400,7.05e-10
468000,9.49e-10
471600,4.75e-10
475200,9.33e-10
478800,1.28e-09
482400,6.63e-10
486000,1.65e-09
489600,1e-10
493200,4.1e-10
496800,9.09e-11
500400,1.25e-09
504000,5.51e-07
507600,3.15e-06
511200,1e-05
514800,1.57e-05
518400,2.51e-05
522000,2.9e-05
525600,3.05e-05
529200,2.76e-05
532800,2.19e-05
536400,1.55e-05
540000,6.25e-06
543600,7.2e-07
547200,2.2e-09
550800,1e-10
554400,8.48e-10
558000,1.19e-09
561600,6.76e-10
565200,8.21e-10
568800,1.02e-09
572400,2.3e-10
576000,7.5e-10
579600,1.25e-10
583200,7.51e-10
586800,1.39e-09
590400,9.99e-07
594000,5.97e-06
597600,1.48e-05
601200,2.11e-05
604800,3.03e-05
608400,3.49e-05
612000,3.4e-05
615600,2.89e-05
619200,2.51e-05
622800,1.54e-05
626400,7.03e-06
630000,8.18e-07
633600,8.26e-10
637200,1e-10
640800,1e-10
644400,8.85e-10
648000,5.78e-10
651600,2.77e-10
655200,4.28e-10
658800,9.96e-10
662400,2.23e-10
666000,6.27e-10
669600,1.62e-10
673200,2.02e-09
676800,1.03e-06
680400,5.51e-06
684000,1.13e-05
687600,1.5e-05
691200,2.05e-05
694800,2.28e-05
698400,2.45e-05
702000,2.15e-05
705600,1.89e-05
709200,9.29e-06
712800,4.8e-06
716400,5.5e-07
720000,1.09e-09
723600,1.01e-09
727200,1e-10
730800,8.3e-10
734400,9.58e-10
738000,2.33e-10
741600,1e-10
745200,6.03e-10
748800,5.55e-10
752400,1.63e-10
756000,1.4e-09
759600,1.19e-09
763200,3.92e-07
766800,2.65e-06
770400,5.09e-06
774000,9.55e-06
777600,1.43e-05
781200,1.93e-05
784800,2.48e-05
788400,9.52e-06
792000,7.91e-06
795600,5.52e-06
799200,1.93e-06
802800,3.33e-07
806400,1.76e-09
810000,4.65e-10
813600,2.19e-10
817200,7.68e-10
820800,1.04e-09
824400,6.11e-10
828000,7.09e-10
831600,1.16e-09
835200,7.08e-10
838800,2.05e-10
842400,1e-10
846000,2.25e-09
849600,7.78e-07
853200,5.19e-06
856800,1.69e-05
860400,2.64e-05
864000,3.24e-05
867600,3.52e-05
871200,3.45e-05
874800,3.18e-05
878400,2.65e-05
882000,1.58e-05
885600,6.07e-06
889200,7.66e-07
892800,2.74e-09
896400,2.52e-10
9e+05,6.39e-10
903600,6.28e-10
907200,8.89e-10
910800,1e-10
914400,5.08e-10
918000,1.45e-09
921600,1.25e-09
925200,7.25e-10
928800,4.72e-10
932400,3.58e-09
936000,9.09e-07
939600,6.44e-06
943200,1.58e-05
946800,2.49e-05
950400,3.11e-05
954000,3.41e-05
957600,3.45e-05
961200,2.92e-05
964800,2.58e-05
968400,1.44e-05
972000,6.26e-06
975600,8.2e-07
979200,3.42e-09
982800,5.11e-11
986400,1.47384615384615e-10
990000,5.27830769230769e-10
993600,5.40057142857143e-10
997200,2.59842857142857e-10
1000800,3.88428571428571e-10
1004400,6.24642857142857e-10
1008000,2.32614285714286e-10
1011600,2.17871428571429e-10
1015200,3.33107142857143e-10
1018800,2.48907142857143e-09
1022400,7.49142857142857e-07
1026000,4.53142857142857e-06
1029600,1.04107142857143e-05
1033200,1.8525e-05
1036800,2.49928571428571e-05
1040400,2.87214285714286e-05
1044000,2.90785714285714e-05
1047600,2.52085714285714e-05
1051200,2.00864285714286e-05
1054800,1.17192857142857e-05
1058400,4.73142857142857e-06
1062000,6.21214285714286e-07
1065600,1.36235714285714e-09
1069200,1.66042857142857e-10
1072800,1.47384615384615e-10
1076400,5.27830769230769e-10
1080000,5.40057142857143e-10
1083600,2.59842857142857e-10
1087200,3.88428571428571e-10
1090800,6.24642857142857e-10
1094400,2.32614285714286e-10
1098000,2.17871428571429e-10
1101600,3.33107142857143e-10
1105200,2.48907142857143e-09
1108800,7.49142857142857e-07
1112400,4.53142857142857e-06
1116000,1.04107142857143e-05
1119600,1.8525e-05
1123200,2.49928571428571e-05
1126800,2.87214285714286e-05
1130400,2.90785714285714e-05
1134000,2.52085714285714e-05
1137600,2.00864285714286e-05
1141200,1.17192857142857e-05
1144800,4.73142857142857e-06
1148400,6.21214285714286e-07
1152000,1.36235714285714e-09
1155600,1.66042857142857e-10
1159200,1.47384615384615e-10
1162800,5.27830769230769e-10
1166400,5.40057142857143e-10
1170000,2.59842857142857e-10
1173600,3.88428571428571e-10
1177200,6.24642857142857e-10
1180800,2.32614285714286e-10
1184400,2.17871428571429e-10
1188000,3.33107142857143e-10
1191600,2.48907142857143e-09
1195200,7.49142857142857e-07
1198800,4.53142857142857e-06
1202400,1.04107142857143e-05
1206000,1.8525e-05
1209600,2.49928571428571e-05
1213200,2.87214285714286e-05
1216800,2.90785714285714e-05
1220400,2.52085714285714e-05
1224000,2.00864285714286e-05
1227600,1.17192857142857e-05
1231200,4.73142857142857e-06
1234800,6.21214285714286e-07
1238400,1.36235714285714e-09
1242000,1.66042857142857e-10
1245600,1.47384615384615e-10
1249200,5.27830769230769e-10
1252800,5.40057142857143e-10
1256400,2.59842857142857e-10
1260000,3.88428571428571e-10
1263600,6.24642857142857e-10
1267200,2.32614285714286e-10
1270800,2.17871428571429e-10
1274400,3.33107142857143e-10
1278000,2.48907142857143e-09
1281600,7.49142857142857e-07
1285200,4.53142857142857e-06
1288800,1.04107142857143e-05
1292400,1.8525e-05
1296000,2.49928571428571e-05
1299600,2.87214285714286e-05
1303200,2.90785714285714e-05
1306800,2.52085714285714e-05
1310400,2.00864285714286e-05
1314000,1.17192857142857e-05
1317600,4.73142857142857e-06
1321200,6.21214285714286e-07
1324800,1.36235714285714e-09
1328400,1.66042857142857e-10
1332000,1.47384615384615e-10
1335600,5.27830769230769e-10
1339200,5.40057142857143e-10
1342800,2.59842857142857e-10
1346400,3.88428571428571e-10
1350000,6.24642857142857e-10
1353600,2.32614285714286e-10
1357200,2.17871428571429e-10
1360800,3.33107142857143e-10
1364400,2.48907142857143e-09
1368000,7.49142857142857e-07
1371600,4.53142857142857e-06
1375200,1.04107142857143e-05
1378800,1.8525e-05
1382400,2.49928571428571e-05
1386000,2.87214285714286e-05
1389600,2.90785714285714e-05
1393200,2.52085714285714e-05
1396800,2.00864285714286e-05
1400400,1.17192857142857e-05
1404000,4.73142857142857e-06
1407600,6.21214285714286e-07
1411200,1.36235714285714e-09
1414800,1.66042857142857e-10
1418400,1.47384615384615e-10
1422000,5.27830769230769e-10
1425600,5.40057142857143e-10
1429200,2.59842857142857e-10
1432800,3.88428571428571e-10
1436400,6.24642857142857e-10
1440000,2.32614285714286e-10
1443600,2.17871428571429e-10
1447200,3.33107142857143e-10
1450800,2.48907142857143e-09
1454400,7.49142857142857e-07
1458000,4.53142857142857e-06
1461600,1.04107142857143e-05
1465200,1.8525e-05
1468800,2.49928571428571e-05
1472400,2.87214285714286e-05
1476000,2.90785714285714e-05
1479600,2.52085714285714e-05
1483200,2.00864285714286e-05
1486800,1.17192857142857e-05
1490400,4.73142857142857e-06
1494000,6.21214285714286e-07
1497600,1.36235714285714e-09
1501200,1.66042857142857e-10
1504800,1.47384615384615e-10
1508400,5.27830769230769e-10
1512000,1e-10
1515600,1e-10
1519200,1e-10
1522800,1e-10
1526400,5.53e-11
1530000,1e-10
1533600,1e-10
1537200,1.65e-09
1540800,7.57e-07
1544400,3.92e-06
1548000,4.76e-06
1551600,1.07e-05
1555200,1.98e-05
1558800,2.7e-05
1562400,2.56e-05
1566000,2.09e-05
1569600,1.21e-05
1573200,5.85e-06
1576800,2.85e-06
1580400,4.49e-07
1584000,1e-10
1587600,1e-10
1591200,1e-10
1594800,8.68e-11
1598400,5.5e-10
1602000,1e-10
1605600,8.1e-10
1609200,1.01e-10
1612800,3.4e-10
1616400,5.46e-10
1620000,2.15e-10
1623600,2.2e-09
1627200,4.2e-07
1630800,2.51e-06
1634400,5.55e-06
1638000,1.85e-05
1641600,2.57e-05
1645200,2.19e-05
1648800,2.92e-05
1652400,2.53e-05
1656000,1.93e-05
1659600,9.3e-06
1663200,2.99e-06
1666800,3.66e-07
1670400,7.48e-10
1674000,5.72e-10
1677600,1e-10
1681200,6.9e-11
1684800,3.45e-10
1688400,1e-10
1692000,9.54e-10
1695600,7.39e-10
1699200,1e-10
1702800,1.31e-10
1706400,1e-10
1710000,1.5e-09
1713600,4.66e-07
1717200,3.71e-06
1720800,8.58e-06
1724400,1.77e-05
1728000,2.03e-05
1731600,2.6e-05
1735200,1.78e-05
1738800,2.38e-05
1742400,2.1e-05
1746000,1.28e-05
1749600,4.1e-06
1753200,6.28e-07
1756800,1.06e-09
1760400,6.75e-10
1764000,2.88e-10
1767600,3.9e-10
1771200,1.18e-10
1774800,3.13e-10
1778400,3.17e-10
1782000,1e-10
1785600,2.89e-10
1789200,4.38e-10
1792800,1e-10
1796400,4.9e-09
1800000,9.08e-07
1803600,5.52e-06
1807200,1.13e-05
1810800,1.97e-05
1814400,2.64e-05
1818000,2.95e-05
1821600,2.97e-05
1825200,2.68e-05
1828800,2.16e-05
1832400,1.04e-05
1836000,4.21e-06
1839600,6.9e-07
1843200,5.17e-10
1846800,9.28e-11
1850400,5.33e-10
1854000,5.08e-10
1857600,5.37e-10
1861200,7.55e-10
1864800,1.49e-10
1868400,7.78e-10
1872000,1e-10
1875600,8.76e-10
1879200,6.41e-10
1882800,4.74e-09
1886400,7.97e-07
1890000,3.96e-06
1893600,1.03e-05
1897200,2.01e-05
1900800,2.61e-05
1904400,2.92e-05
1908000,2.96e-05
1911600,2.48e-05
1915200,1.89e-05
1918800,9.5e-06
1922400,3.47e-06
1926000,5.06e-07
1929600,2.27e-09
1933200,5.39e-10
1936800,1e-10
1940400,9.33e-10
1944000,4.6e-10
1947600,1e-10
1951200,9.2e-10
1954800,8.29e-10
1958400,1e-10
1962000,1e-10
1965600,4.82e-10
1969200,6.43e-09
1972800,1.24e-06
1976400,6.03e-06
1980000,1.25e-05
1983600,2.25e-05
1987200,2.81e-05
1990800,3.29e-05
1994400,3.45e-05
1998000,3.24e-05
2001600,2.68e-05
2005200,1.71e-05
2008800,7.11e-06
2012400,9.83e-07
2016000,1.59e-09
2019600,1e-10
2023200,1e-10
2026800,1e-10
