0,0.175126778
3600,0.195902465
7200,0.180495974
10800,0.181854043
14400,0.157038983
18000,0.130691965
21600,0.083960262
25200,0.011284973
28800,3.57e-06
32400,1e-10
36000,2.19e-06
39600,1.05e-06
43200,1e-10
46800,1e-10
50400,1e-10
54000,9.81e-07
57600,1e-10
61200,1e-10
64800,6.33e-07
68400,8.07e-06
72000,0.006431947
75600,0.041648597
79200,0.062739456
82800,0.14775146
86400,0.175126778
90000,0.195902465
93600,0.180495974
97200,0.181854043
100800,0.157038983
104400,0.130691965
108000,0.083960262
111600,0.011284973
115200,3.57e-06
118800,1e-10
122400,2.19e-06
126000,1.05e-06
129600,1e-10
133200,1e-10
136800,1e-10
140400,9.81e-07
144000,1e-10
147600,1e-10
151200,6.33e-07
154800,8.07e-06
158400,0.006431947
162000,0.041648597
165600,0.062739456
169200,0.14775146
172800,0.175126778
176400,0.195902465
180000,0.180495974
183600,0.181854043
187200,0.157038983
190800,0.130691965
194400,0.083960262
198000,0.011284973
201600,3.57e-06
205200,1e-10
208800,2.19e-06
212400,1.05e-06
216000,1e-10
219600,1e-10
223200,1e-10
226800,9.81e-07
230400,1e-10
234000,1e-10
237600,6.33e-07
241200,8.07e-06
244800,0.006431947
248400,0.041648597
252000,0.062739456
255600,0.14775146
259200,0.175126778
262800,0.195902465
266400,0.180495974
270000,0.181854043
273600,0.157038983
277200,0.130691965
280800,0.083960262
284400,0.011284973
288000,3.57e-06
291600,1e-10
295200,2.19e-06
298800,1.05e-06
302400,1e-10
306000,1e-10
309600,1e-10
313200,9.81e-07
316800,1e-10
320400,1e-10
324000,6.33e-07
327600,8.07e-06
331200,0.006431947
334800,0.041648597
338400,0.062739456
342000,0.14775146
345600,0.175126778
349200,0.195902465
352800,0.180495974
356400,0.181854043
360000,0.157038983
363600,0.130691965
367200,0.083960262
370800,0.011284973
374400,3.57e-06
378000,1e-10
381600,2.19e-06
385200,1.05e-06
388800,1.43e-06
392400,5.67e-07
396000,8.29e-07
399600,8.14e-07
403200,3.94e-07
406800,1e-10
410400,8.77e-07
414000,1.24e-05
417600,0.010230569
421200,0.070689561
424800,0.139975126
428400,0.164139336
432000,0.162398993
435600,0.191798367
439200,0.185644236
442800,0.153973903
446400,0.093201508
450000,0.077296621
453600,0.035616551
457200,0.004356914
460800,1.25e-06
464400,7.45e-07
468000,1.61e-06
471600,7.5e-07
475200,1.62e-06
478800,2.3e-06
482400,1.19e-06
486000,2.96e-06
489600,1e-10
493200,5.5e-07
496800,1e-10
500400,6.61e-06
504000,0.005495446
507600,0.028216882
511200,0.099998668
514800,0.115432999
518400,0.161927719
522000,0.180562944
525600,0.195846208
529200,0.186286842
532800,0.16134435
536400,0.151478829
540000,0.09775255
543600,0.013482288
547200,5.6e-06
550800,1e-10
554400,1.46e-06
558000,2.18e-06
561600,1.19e-06
565200,1.49e-06
568800,1.91e-06
572400,3.9e-07
576000,1.26e-06
579600,5.92e-08
583200,1.18e-06
586800,2.75e-05
590400,0.021903491
594000,0.082014154
597600,0.155174886
601200,0.148934808
604800,0.193866237
608400,0.203998272
612000,0.200067756
615600,0.163773228
619200,0.166056356
622800,0.124139449
626400,0.092258922
630000,0.010771039
633600,2.23e-06
637200,1e-10
640800,1e-10
644400,1.48e-06
648000,9.62e-07
651600,4.28e-07
655200,7.22e-07
658800,1.82e-06
662400,3.29e-07
666000,1.16e-06
669600,1.93e-07
673200,1.47e-05
676800,0.013834569
680400,0.064824469
684000,0.101368874
687600,0.09897522
691200,0.122204463
694800,0.129761415
698400,0.139110805
702000,0.129747138
705600,0.120896405
709200,0.06252129
712800,0.043886967
716400,0.004532318
720000,1.75e-06
723600,1.56e-06
727200,1e-10
730800,1.39e-06
734400,1.63e-06
738000,1.66e-07
741600,1e-10
745200,9.08e-07
748800,9.38e-07
752400,2.6e-07
756000,2.52e-06
759600,4.29e-06
763200,0.003515298
766800,0.023351118
770400,0.03741608
774000,0.061382995
777600,0.084293517
781200,0.113052437
784800,0.145602599
788400,0.052874075
792000,0.046030005
795600,0.034720457
799200,0.014042524
802800,0.002928319
806400,2.62e-06
810000,5.71e-07
813600,2.09e-07
817200,1.26e-06
820800,1.88e-06
824400,1.05e-06
828000,1.17e-06
831600,2.12e-06
835200,1.09e-06
838800,1.43e-07
842400,1e-10
846000,9.94e-06
849600,0.007038632
853200,0.052291154
856800,0.173665502
860400,0.196928249
864000,0.202484883
867600,0.201121562
871200,0.196028534
874800,0.187869289
878400,0.179650305
882000,0.122613114
885600,0.064149421
889200,0.010687589
892800,5.55e-06
896400,2.64e-07
9e+05,1.12e-06
903600,1.1e-06
907200,1.63e-06
910800,1e-10
914400,7.83e-07
918000,2.69e-06
921600,2.24e-06
925200,1.13e-06
928800,6.8e-07
932400,3.79e-05
936000,0.016485191
939600,0.083414346
943200,0.156925662
946800,0.180752396
950400,0.191444831
954000,0.196338858
957600,0.196448966
961200,0.166168115
964800,0.176995708
968400,0.116296918
972000,0.08347334
975600,0.013988104
979200,6.46e-06
982800,9.08e-08
986400,1.66846153846154e-07
990000,8.78276923076923e-07
993600,9.14592857142857e-07
997200,3.84407142857143e-07
1000800,6.4e-07
1004400,1.08405714285714e-06
1008000,2.86864285714286e-07
1011600,2.8015e-07
1015200,4.39014285714286e-07
1018800,2.95900714285714e-05
1022400,0.0104520157857143
1026000,0.054289436
1029600,0.103334500642857
1033200,0.146727611642857
1036800,0.166568342142857
1040400,0.178161418857143
1044000,0.178646034
1047600,0.160085614142857
1051200,0.141352727214286
1054800,0.0975927860714286
1058400,0.0557143022142857
1062000,0.00857895892857143
1065600,4.59214285714286e-06
1069200,1.07635714285714e-07
1072800,1.66846153846154e-07
1076400,8.78276923076923e-07
1080000,9.14592857142857e-07
1083600,3.84407142857143e-07
1087200,6.4e-07
1090800,1.08405714285714e-06
1094400,2.86864285714286e-07
1098000,2.8015e-07
1101600,4.39014285714286e-07
1105200,2.95900714285714e-05
1108800,0.0104520157857143
1112400,0.054289436
1116000,0.103334500642857
1119600,0.146727611642857
1123200,0.166568342142857
1126800,0.178161418857143
1130400,0.178646034
1134000,0.160085614142857
1137600,0.141352727214286
1141200,0.0975927860714286
1144800,0.0557143022142857
1148400,0.00857895892857143
1152000,4.59214285714286e-06
1155600,1.07635714285714e-07
1159200,1.66846153846154e-07
1162800,8.78276923076923e-07
1166400,9.14592857142857e-07
1170000,3.84407142857143e-07
1173600,6.4e-07
1177200,1.08405714285714e-06
1180800,2.86864285714286e-07
1184400,2.8015e-07
1188000,4.39014285714286e-07
1191600,2.95900714285714e-05
1195200,0.0104520157857143
1198800,0.054289436
1202400,0.103334500642857
1206000,0.146727611642857
1209600,0.166568342142857
1213200,0.178161418857143
1216800,0.178646034
1220400,0.160085614142857
1224000,0.141352727214286
1227600,0.0975927860714286
1231200,0.0557143022142857
1234800,0.00857895892857143
1238400,4.59214285714286e-06
1242000,1.07635714285714e-07
1245600,1.66846153846154e-07
1249200,8.78276923076923e-07
1252800,9.14592857142857e-07
1256400,3.84407142857143e-07
1260000,6.4e-07
1263600,1.08405714285714e-06
1267200,2.86864285714286e-07
1270800,2.8015e-07
1274400,4.39014285714286e-07
1278000,2.95900714285714e-05
1281600,0.0104520157857143
1285200,0.054289436
1288800,0.103334500642857
1292400,0.146727611642857
1296000,0.166568342142857
1299600,0.178161418857143
1303200,0.178646034
1306800,0.160085614142857
1310400,0.141352727214286
1314000,0.0975927860714286
1317600,0.0557143022142857
1321200,0.00857895892857143
1324800,4.59214285714286e-06
1328400,1.07635714285714e-07
1332000,1.66846153846154e-07
1335600,8.78276923076923e-07
1339200,9.14592857142857e-07
1342800,3.84407142857143e-07
1346400,6.4e-07
1350000,1.08405714285714e-06
1353600,2.86864285714286e-07
1357200,2.8015e-07
1360800,4.39014285714286e-07
1364400,2.95900714285714e-05
1368000,0.0104520157857143
1371600,0.054289436
1375200,0.103334500642857
1378800,0.146727611642857
1382400,0.166568342142857
1386000,0.178161418857143
1389600,0.178646034
1393200,0.160085614142857
1396800,0.141352727214286
1400400,0.0975927860714286
1404000,0.0557143022142857
1407600,0.00857895892857143
1411200,4.59214285714286e-06
1414800,1.07635714285714e-07
1418400,1.66846153846154e-07
1422000,8.78276923076923e-07
1425600,9.14592857142857e-07
1429200,3.84407142857143e-07
1432800,6.4e-07
1436400,1.08405714285714e-06
1440000,2.86864285714286e-07
1443600,2.8015e-07
1447200,4.39014285714286e-07
1450800,2.95900714285714e-05
1454400,0.0104520157857143
1458000,0.054289436
1461600,0.103334500642857
1465200,0.146727611642857
1468800,0.166568342142857
1472400,0.178161418857143
1476000,0.178646034
1479600,0.160085614142857
1483200,0.141352727214286
1486800,0.0975927860714286
1490400,0.0557143022142857
1494000,0.00857895892857143
1497600,4.59214285714286e-06
1501200,1.07635714285714e-07
1504800,1.66846153846154e-07
1508400,8.78276923076923e-07
1512000,1e-10
1515600,1e-10
1519200,1e-10
1522800,1e-10
1526400,1e-10
1530000,1e-10
1533600,1e-10
1537200,2.63e-05
1540800,0.008767405
1544400,0.057805227
1548000,0.050290959
1551600,0.09959198
1555200,0.138628287
1558800,0.181564004
1562400,0.171107248
1566000,0.140083624
1569600,0.084376707
1573200,0.04256693
1576800,0.027794262
1580400,0.004632967
1584000,2.03e-06
1587600,1e-10
1591200,1e-10
1594800,3.68e-08
1598400,1e-06
1602000,1e-10
1605600,1.47e-06
1609200,4.28e-08
1612800,6.23e-07
1616400,1.03e-06
1620000,3.45e-07
1623600,2.68e-05
1627200,0.007346649
1630800,0.027848731
1634400,0.044602672
1638000,0.156890056
1641600,0.190118924
1645200,0.143848416
1648800,0.189678665
1652400,0.17093332
1656000,0.144371716
1659600,0.07256265
1663200,0.02607251
1666800,0.004117792
1670400,3.99e-06
1674000,9.44e-07
1677600,1e-10
1681200,8.88e-08
1684800,6.08e-07
1688400,1e-10
1692000,1.88e-06
1695600,1.34e-06
1699200,1e-10
1702800,2.12e-07
1706400,1e-10
1710000,1.31e-05
1713600,0.004180371
1717200,0.034476428
1720800,0.087947542
1724400,0.162543567
1728000,0.14534166
1731600,0.179889925
1735200,0.115858458
1738800,0.168013551
1742400,0.165809577
1746000,0.123913865
1749600,0.04820201
1753200,0.009007733
1756800,6.7e-06
1760400,1.24e-06
1764000,4.74e-07
1767600,6.47e-07
1771200,7.46e-08
1774800,5.34e-07
1778400,5.98e-07
1782000,1e-10
1785600,4.03e-07
1789200,7.35e-07
1792800,1e-10
1796400,7.27e-05
1800000,0.015424901
1803600,0.086081341
1807200,0.129355677
1810800,0.174594249
1814400,0.194810875
1818000,0.192879362
1821600,0.195208311
1825200,0.180973878
1828800,0.167259063
1832400,0.089828586
1836000,0.046948246
1839600,0.007434691
1843200,3.73e-06
1846800,9.01e-08
1850400,9.7e-07
1854000,8.85e-07
1857600,9.27e-07
1861200,1.37e-06
1864800,1.71e-07
1868400,1.5e-06
1872000,1e-10
1875600,1.63e-06
1879200,1.03e-06
1882800,4.53e-05
1886400,0.007980113
1890000,0.035544776
1893600,0.095336379
1897200,0.169894207
1900800,0.185218583
1904400,0.187093264
1908000,0.190709713
1911600,0.167331532
1915200,0.135075597
1918800,0.074732827
1922400,0.029255206
1926000,0.004454331
1929600,7.41e-06
1933200,7.09e-07
1936800,1e-10
1940400,1.68e-06
1944000,7.45e-07
1947600,1e-10
1951200,1.68e-06
1954800,1.52e-06
1958400,1e-10
1962000,1e-10
1965600,5.57e-07
1969200,0.000108651
1972800,0.017693639
1976400,0.07184532
1980000,0.111885526
1983600,0.176375041
1987200,0.18409104
1990800,0.196448573
1994400,0.199237003
1998000,0.19131606
2001600,0.180831901
2005200,0.142935504
2008800,0.08658746
2012400,0.018426367
2016000,1.14e-05
2019600,1e-10
2023200,1e-10
2026800,1e-10
