0,0.001352626
3600,0.001519646
7200,0.001429876
10800,0.001400463
14400,0.00114755
18000,0.00083418
21600,0.000412557
25200,5.74e-05
28800,4.59e-08
32400,1e-10
36000,6.1e-08
39600,2.94e-08
43200,1e-10
46800,1e-10
50400,1e-10
54000,2.62e-08
57600,1e-10
61200,1e-10
64800,1.91e-08
68400,9.64e-08
72000,4.23e-05
75600,0.000313271
79200,0.000460431
82800,0.001061009
86400,0.001352626
90000,0.001519646
93600,0.001429876
97200,0.001400463
100800,0.00114755
104400,0.00083418
108000,0.000412557
111600,5.74e-05
115200,4.59e-08
118800,1e-10
122400,6.1e-08
126000,2.94e-08
129600,1e-10
133200,1e-10
136800,1e-10
140400,2.62e-08
144000,1e-10
147600,1e-10
151200,1.91e-08
154800,9.64e-08
158400,4.23e-05
162000,0.000313271
165600,0.000460431
169200,0.001061009
172800,0.001352626
176400,0.001519646
180000,0.001429876
183600,0.001400463
187200,0.00114755
190800,0.00083418
194400,0.000412557
198000,5.74e-05
201600,4.59e-08
205200,1e-10
208800,6.1e-08
212400,2.94e-08
216000,1e-10
219600,1e-10
223200,1e-10
226800,2.62e-08
230400,1e-10
234000,1e-10
237600,1.91e-08
241200,9.64e-08
244800,4.23e-05
248400,0.000313271
252000,0.000460431
255600,0.001061009
259200,0.001352626
262800,0.001519646
266400,0.001429876
270000,0.001400463
273600,0.00114755
277200,0.00083418
280800,0.000412557
284400,5.74e-05
288000,4.59e-08
291600,1e-10
295200,6.1e-08
298800,2.94e-08
302400,1e-10
306000,1e-10
309600,1e-10
313200,2.62e-08
316800,1e-10
320400,1e-10
324000,1.91e-08
327600,9.64e-08
331200,4.23e-05
334800,0.000313271
338400,0.000460431
342000,0.001061009
345600,0.001352626
349200,0.001519646
352800,0.001429876
356400,0.001400463
360000,0.00114755
363600,0.00083418
367200,0.000412557
370800,5.74e-05
374400,4.59e-08
378000,1e-10
381600,6.1e-08
385200,2.94e-08
388800,3.9e-08
392400,1.56e-08
396000,2.38e-08
399600,2.22e-08
403200,1.38e-08
406800,2.34e-10
410400,2.69e-08
414000,8.29e-08
417600,7.58e-05
421200,0.000409649
424800,0.000839952
428400,0.001111747
432000,0.001216856
435600,0.00144148
439200,0.001385253
442800,0.0011333
446400,0.000723256
450000,0.000552362
453600,0.000244092
457200,3.64e-05
460800,2.19e-08
464400,2.47e-08
468000,4.77e-08
471600,2.32e-08
475200,4.64e-08
478800,6.44e-08
482400,3.26e-08
486000,8.37e-08
489600,1e-10
493200,1.79e-08
496800,3.04e-09
500400,1.08e-07
504000,5.06e-05
507600,0.000238639
511200,0.000679073
514800,0.000882438
518400,0.001273898
522000,0.001410416
525600,0.001488105
529200,0.001382965
532800,0.001168325
536400,0.00094513
540000,0.000464405
543600,6.52e-05
547200,9.47e-08
550800,1e-10
554400,4.16e-08
558000,6.12e-08
561600,3.32e-08
565200,4.05e-08
568800,5.2e-08
572400,1.1e-08
576000,3.64e-08
579600,4.53e-09
583200,3.52e-08
586800,1.65e-07
590400,9.88e-05
594000,0.000495604
597600,0.001018221
601200,0.001176644
604800,0.001534452
608400,0.001672594
612000,0.00162295
615600,0.001394326
619200,0.001306361
622800,0.000899513
626400,0.000508585
630000,7.29e-05
633600,4.48e-08
637200,1e-10
640800,1e-10
644400,4.31e-08
648000,2.87e-08
651600,1.39e-08
655200,2.07e-08
658800,5.06e-08
662400,1.02e-08
666000,3.21e-08
669600,6.03e-09
673200,1.87e-07
676800,9.81e-05
680400,0.000442204
684000,0.000746936
687600,0.000813405
691200,0.001011878
694800,0.001080575
698400,0.001153111
702000,0.001048706
705600,0.000967725
709200,0.00051074
712800,0.000320846
716400,4.57e-05
720000,4.74e-08
723600,4.39e-08
727200,1e-10
730800,4.11e-08
734400,4.71e-08
738000,8.25e-09
741600,1e-10
745200,2.88e-08
748800,2.74e-08
752400,7.66e-09
756000,7.11e-08
759600,9.31e-08
763200,3.43e-05
766800,0.000197435
770400,0.000317909
774000,0.000517258
777600,0.0007108
781200,0.000928867
784800,0.001181901
788400,0.000458865
792000,0.000397574
795600,0.000298692
799200,0.000121751
802800,2.74e-05
806400,7.13e-08
810000,1.88e-08
813600,9.52e-09
817200,3.7e-08
820800,5.31e-08
824400,3.04e-08
828000,3.53e-08
831600,5.92e-08
835200,3.45e-08
838800,9.04e-09
842400,1e-10
846000,1.85e-07
849600,6.95e-05
853200,0.000400649
856800,0.001165547
860400,0.001503689
864000,0.001644963
867600,0.001693512
871200,0.001649878
874800,0.001566299
878400,0.001409352
882000,0.000929043
885600,0.000428718
889200,6.88e-05
892800,1.13e-07
896400,9.6e-09
9e+05,3.26e-08
903600,3.12e-08
907200,4.61e-08
910800,1e-10
914400,2.52e-08
918000,7.41e-08
921600,6.27e-08
925200,3.46e-08
928800,2.33e-08
932400,3.57e-07
936000,8.72e-05
939600,0.000533131
943200,0.00108654
946800,0.0014129
950400,0.001577946
954000,0.001641842
957600,0.001647563
961200,0.001420696
964800,0.001370155
968400,0.000848773
972000,0.000456238
975600,7.52e-05
979200,1.39e-07
982800,3.82e-09
986400,6.25923076923077e-09
990000,2.56315384615385e-08
993600,2.62764285714286e-08
997200,1.16814285714286e-08
1000800,1.85192857142857e-08
1004400,3.07135714285714e-08
1008000,9.857e-09
1011600,9.57028571428571e-09
1015200,1.50385714285714e-08
1018800,1.69e-07
1022400,9.67e-05
1026000,0.00051508
1029600,0.00080275
1033200,0.00129452
1036800,0.00158875
1040400,0.00157995
1044000,0.00162941
1047600,0.00158407
1051200,0.00125101
1054800,0.00072888
1058400,0.000331716214285714
1062000,5.43142857142857e-05
1065600,7.37528571428571e-08
1069200,5.27e-09
1072800,6.25923076923077e-09
1076400,2.56315384615385e-08
1080000,2.62764285714286e-08
1083600,1.16814285714286e-08
1087200,1.85192857142857e-08
1090800,3.07135714285714e-08
1094400,9.857e-09
1098000,9.57028571428571e-09
1101600,1.50385714285714e-08
1105200,1.69e-07
1108800,9.91e-05
1112400,0.00047668
1116000,0.000736
1119600,0.00127247
1123200,0.00159572
1126800,0.00145905
1130400,0.00147562
1134000,0.00137393
1137600,0.00132346
1141200,0.00084312
1144800,0.000331716214285714
1148400,5.43142857142857e-05
1152000,7.37528571428571e-08
1155600,5.27e-09
1159200,6.25923076923077e-09
1162800,2.56315384615385e-08
1166400,2.62764285714286e-08
1170000,1.16814285714286e-08
1173600,1.85192857142857e-08
1177200,3.07135714285714e-08
1180800,9.857e-09
1184400,9.57028571428571e-09
1188000,1.50385714285714e-08
1191600,1.69e-07
1195200,8.86e-05
1198800,0.00052588
1202400,0.0007625
1206000,0.00137747
1209600,0.0015199
1213200,0.0015039
1216800,0.00154348
1220400,0.00122288
1224000,0.00108322
1227600,0.00085752
1231200,0.000331716214285714
1234800,5.43142857142857e-05
1238400,7.37528571428571e-08
1242000,5.27e-09
1245600,6.25923076923077e-09
1249200,2.56315384615385e-08
1252800,2.62764285714286e-08
1256400,1.16814285714286e-08
1260000,1.85192857142857e-08
1263600,3.07135714285714e-08
1267200,9.857e-09
1270800,9.57028571428571e-09
1274400,1.50385714285714e-08
1278000,1.13e-07
1281600,6.94e-05
1285200,0.00043828
1288800,0.00057
1292400,0.00108179
1296000,0.00144085
1299600,0.0015762
1303200,0.0014075
1306800,0.00135322
1310400,0.00112354
1314000,0.00077016
1317600,0.000331716214285714
1321200,5.43142857142857e-05
1324800,7.37528571428571e-08
1328400,5.27e-09
1332000,6.25923076923077e-09
1335600,2.56315384615385e-08
1339200,2.62764285714286e-08
1342800,1.16814285714286e-08
1346400,1.85192857142857e-08
1350000,3.07135714285714e-08
1353600,9.857e-09
1357200,9.57028571428571e-09
1360800,1.50385714285714e-08
1364400,1.13e-07
1368000,7.96e-05
1371600,0.00042892
1375200,0.00083475
1378800,0.00135479
1382400,0.00153197
1386000,0.0016026
1389600,0.00145092
1393200,0.00135341
1396800,0.00102316
1400400,0.00081744
1404000,0.000331716214285714
1407600,5.43142857142857e-05
1411200,7.37528571428571e-08
1414800,5.27e-09
1418400,6.25923076923077e-09
1422000,2.56315384615385e-08
1425600,2.62764285714286e-08
1429200,1.16814285714286e-08
1432800,1.85192857142857e-08
1436400,3.07135714285714e-08
1440000,9.857e-09
1443600,9.57028571428571e-09
1447200,1.50385714285714e-08
1450800,2.32284210526316e-07
1454400,7.43889473684211e-05
1458000,0.000391945789473684
1461600,0.000722794368421053
1465200,0.00112803736842105
1468800,0.00135539557894737
1472400,0.00143977473684211
1476000,0.00142935731578947
1479600,0.00128064073684211
1483200,0.00108448405263158
1486800,0.000716047157894737
1490400,0.000331716214285714
1494000,5.43142857142857e-05
1497600,7.37528571428571e-08
1501200,5.27e-09
1504800,6.25923076923077e-09
1508400,2.56315384615385e-08
1512000,1e-10
1515600,1e-10
1519200,1e-10
1522800,1e-10
1526400,5.78e-10
1530000,1e-10
1533600,1e-10
1537200,2.22e-07
1540800,7.01e-05
1544400,0.000325923
1548000,0.000340708
1551600,0.000662035
1555200,0.001046263
1558800,0.001354303
1562400,0.001267498
1566000,0.001048507
1569600,0.000632817
1573200,0.000327329
1576800,0.00019435
1580400,3.76e-05
1584000,6.84e-09
1587600,1e-10
1591200,1e-10
1594800,2.29e-09
1598400,2.79e-08
1602000,1e-10
1605600,4.05e-08
1609200,3.32e-09
1612800,1.76e-08
1616400,2.79e-08
1620000,9.79e-09
1623600,2.88e-07
1627200,4.09e-05
1630800,0.000195825
1634400,0.000368909
1638000,0.001114183
1641600,0.001388428
1645200,0.0011025
1648800,0.00144113
1652400,0.00127147
1656000,0.001030159
1659600,0.000533839
1663200,0.000193748
1666800,3.16e-05
1670400,5.76e-08
1674000,2.71e-08
1677600,1e-10
1681200,2.92e-09
1684800,1.68e-08
1688400,1e-10
1692000,5e-08
1695600,3.71e-08
1699200,1e-10
1702800,6e-09
1706400,1e-10
1710000,1.38e-07
1713600,4.14e-05
1717200,0.000282672
1720800,0.00060771
1724400,0.001090655
1728000,0.001083577
1731600,0.00131736
1735200,0.00087939
1738800,0.001207937
1742400,0.00113393
1746000,0.00077001
1749600,0.000287299
1753200,5.56e-05
1756800,8.01e-08
1760400,3.44e-08
1764000,1.36e-08
1767600,1.86e-08
1771200,4.44e-09
1774800,1.56e-08
1778400,1.62e-08
1782000,1e-10
1785600,1.22e-08
1789200,2.1e-08
1792800,1e-10
1796400,5.71e-07
1800000,8.76e-05
1803600,0.000460629
1807200,0.000825095
1810800,0.001192878
1814400,0.001406781
1818000,0.001457289
1821600,0.001449309
1825200,0.001331056
1828800,0.001150141
1832400,0.000605019
1836000,0.000288107
1839600,5.87e-05
1843200,5.7e-08
1846800,2.11e-09
1850400,2.6e-08
1854000,2.4e-08
1857600,2.58e-08
1861200,3.66e-08
1864800,5.77e-09
1868400,3.95e-08
1872000,1e-10
1875600,4.38e-08
1879200,3.01e-08
1882800,4.66e-07
1886400,6.92e-05
1890000,0.000293359
1893600,0.000708679
1897200,0.001196713
1900800,0.001376831
1904400,0.001432893
1908000,0.001436243
1911600,0.001228757
1915200,0.000982638
1918800,0.000538198
1922400,0.000223768
1926000,4.15e-05
1929600,1.3e-07
1933200,2.34e-08
1936800,1e-10
1940400,4.63e-08
1944000,2.05e-08
1947600,1e-10
1951200,4.61e-08
1954800,4.22e-08
1958400,1e-10
1962000,1e-10
1965600,2.21e-08
1969200,7.21e-07
1972800,0.00011419
1976400,0.00047314
1980000,0.000861383
1983600,0.001316116
1987200,0.001450027
1990800,0.001580743
1994400,0.001618652
1998000,0.001551317
2001600,0.001380824
2005200,0.000994948
2008800,0.000499563
2012400,8.64e-05
2016000,1.23e-07
2019600,1e-10
2023200,1e-10
2026800,1e-10
