0,4.82e-07
3600,5.97e-07
7200,5.76e-07
10800,5.37e-07
14400,3.99e-07
18000,2.39e-07
21600,8.78e-08
25200,8.87e-09
28800,1.84e-11
32400,1e-10
36000,1.89e-11
39600,8.99e-12
43200,6.87e-13
46800,1e-10
50400,1e-10
54000,9.29e-12
57600,6.98e-13
61200,1e-10
64800,6.94e-12
68400,1.65e-11
72000,5.32e-09
75600,5.09e-08
79200,1.02e-07
82800,3.08e-07
86400,4.82e-07
90000,5.97e-07
93600,5.76e-07
97200,5.37e-07
100800,3.99e-07
104400,2.39e-07
108000,8.78e-08
111600,8.87e-09
115200,1.84e-11
118800,1e-10
122400,1.89e-11
126000,8.99e-12
129600,6.87e-13
133200,1e-10
136800,1e-10
140400,9.29e-12
144000,6.98e-13
147600,1e-10
151200,6.94e-12
154800,1.65e-11
158400,5.32e-09
162000,5.09e-08
165600,1.02e-07
169200,3.08e-07
172800,4.82e-07
176400,5.97e-07
180000,5.76e-07
183600,5.37e-07
187200,3.99e-07
190800,2.39e-07
194400,8.78e-08
198000,8.87e-09
201600,1.84e-11
205200,1e-10
208800,1.89e-11
212400,8.99e-12
216000,6.87e-13
219600,1e-10
223200,1e-10
226800,9.29e-12
230400,6.98e-13
234000,1e-10
237600,6.94e-12
241200,1.65e-11
244800,5.32e-09
248400,5.09e-08
252000,1.02e-07
255600,3.08e-07
259200,4.82e-07
262800,5.97e-07
266400,5.76e-07
270000,5.37e-07
273600,3.99e-07
277200,2.39e-07
280800,8.78e-08
284400,8.87e-09
288000,1.84e-11
291600,1e-10
295200,1.89e-11
298800,8.99e-12
302400,6.87e-13
306000,1e-10
309600,1e-10
313200,9.29e-12
316800,6.98e-13
320400,1e-10
324000,6.94e-12
327600,1.65e-11
331200,5.32e-09
334800,5.09e-08
338400,1.02e-07
342000,3.08e-07
345600,4.82e-07
349200,5.97e-07
352800,5.76e-07
356400,5.37e-07
360000,3.99e-07
363600,2.39e-07
367200,8.78e-08
370800,8.87e-09
374400,1.84e-11
378000,1e-10
381600,1.89e-11
385200,8.99e-12
388800,1.2e-11
392400,5.11e-12
396000,8.77e-12
399600,7.39e-12
403200,5.34e-12
406800,7.85e-13
410400,8.56e-12
414000,4.33e-12
417600,9.36e-09
421200,6.2e-08
424800,1.72e-07
428400,3.15e-07
432000,4.26e-07
435600,5.56e-07
439200,5.4e-07
442800,4.23e-07
446400,2.55e-07
450000,1.67e-07
453600,5.8e-08
457200,6.08e-09
460800,8.85e-12
464400,1.32e-11
468000,1.46e-11
471600,7.37e-12
475200,1.46e-11
478800,1.97e-11
482400,1.04e-11
486000,2.54e-11
489600,1e-10
493200,6.62e-12
496800,1.78e-12
500400,1.61e-11
504000,6.54e-09
507600,4.06e-08
511200,1.46e-07
514800,2.64e-07
518400,4.58e-07
522000,5.56e-07
525600,5.89e-07
529200,5.26e-07
532800,4.06e-07
536400,2.72e-07
540000,9.89e-08
543600,1.01e-08
547200,4.14e-11
550800,1e-10
554400,1.32e-11
558000,1.83e-11
561600,1.05e-11
565200,1.29e-11
568800,1.56e-11
572400,3.82e-12
576000,1.17e-11
579600,2.18e-12
583200,1.17e-11
586800,1.54e-11
590400,1.18e-08
594000,7.59e-08
597600,2.15e-07
601200,3.55e-07
604800,5.53e-07
608400,6.72e-07
612000,6.61e-07
615600,5.56e-07
619200,4.68e-07
622800,2.7e-07
626400,1.12e-07
630000,1.14e-08
633600,1.41e-11
637200,7.72e-14
640800,1e-10
644400,1.38e-11
648000,8.94e-12
651600,4.35e-12
655200,6.86e-12
658800,1.54e-11
662400,3.72e-12
666000,9.83e-12
669600,2.8e-12
673200,2.53e-11
676800,1.22e-08
680400,7.04e-08
684000,1.66e-07
687600,2.54e-07
691200,3.76e-07
694800,4.37e-07
698400,4.78e-07
702000,4.13e-07
705600,3.55e-07
709200,1.66e-07
712800,7.73e-08
716400,7.79e-09
720000,2.08e-11
723600,1.71e-11
727200,1e-10
730800,1.29e-11
734400,1.48e-11
738000,4.11e-12
741600,1e-10
745200,9.55e-12
748800,8.66e-12
752400,2.84e-12
756000,2.16e-11
759600,1.6e-11
763200,4.71e-09
766800,3.44e-08
770400,7.52e-08
774000,1.61e-07
777600,2.62e-07
781200,3.68e-07
784800,4.79e-07
788400,1.81e-07
792000,1.47e-07
795600,9.85e-08
799200,3.15e-08
802800,4.71e-09
806400,3.35e-11
810000,8.2e-12
813600,3.65e-12
817200,1.21e-11
820800,1.59e-11
824400,9.61e-12
828000,1.1e-11
831600,1.78e-11
835200,1.09e-11
838800,3.42e-12
842400,1e-10
846000,2.94e-11
849600,9.33e-09
853200,6.67e-08
856800,2.44e-07
860400,4.4e-07
864000,5.91e-07
867600,6.74e-07
871200,6.64e-07
874800,6.05e-07
878400,4.88e-07
882000,2.76e-07
885600,9.6e-08
889200,1.06e-08
892800,5.21e-11
896400,4.56e-12
9e+05,9.71e-12
903600,9.79e-12
907200,1.36e-11
910800,1e-10
914400,7.93e-12
918000,2.23e-11
921600,1.93e-11
925200,1.15e-11
928800,7.36e-12
932400,4.35e-11
936000,1.08e-08
939600,8.16e-08
943200,2.3e-07
946800,4.15e-07
950400,5.67e-07
954000,6.52e-07
957600,6.65e-07
961200,5.57e-07
964800,4.75e-07
968400,2.53e-07
972000,9.82e-08
975600,1.13e-08
979200,6.53e-11
982800,3.74e-13
986400,2.49076923076923e-12
990000,8.30846153846154e-12
993600,8.45692857142857e-12
997200,4.28628571428571e-12
1000800,6.18857142857143e-12
1004400,9.79357142857143e-12
1008000,3.87342857142857e-12
1011600,3.62392857142857e-12
1015200,5.3785e-12
1018800,2.93021428571429e-11
1022400,8.94e-09
1026000,5.80285714285714e-08
1029600,1.48757142857143e-07
1033200,3.035e-07
1036800,4.49357142857143e-07
1040400,5.45142857142857e-07
1044000,5.60714285714286e-07
1047600,4.82428571428571e-07
1051200,3.73357142857143e-07
1054800,2.05892857142857e-07
1058400,7.52285714285714e-08
1062000,8.63928571428571e-09
1065600,2.397e-11
1069200,3.12865714285714e-12
1072800,2.49076923076923e-12
1076400,8.30846153846154e-12
1080000,8.45692857142857e-12
1083600,4.28628571428571e-12
1087200,6.18857142857143e-12
1090800,9.79357142857143e-12
1094400,3.87342857142857e-12
1098000,3.62392857142857e-12
1101600,5.3785e-12
1105200,2.93021428571429e-11
1108800,8.94e-09
1112400,5.80285714285714e-08
1116000,1.48757142857143e-07
1119600,3.035e-07
1123200,4.49357142857143e-07
1126800,5.45142857142857e-07
1130400,5.60714285714286e-07
1134000,4.82428571428571e-07
1137600,3.73357142857143e-07
1141200,2.05892857142857e-07
1144800,7.52285714285714e-08
1148400,8.63928571428571e-09
1152000,2.397e-11
1155600,3.12865714285714e-12
1159200,2.49076923076923e-12
1162800,8.30846153846154e-12
1166400,8.45692857142857e-12
1170000,4.28628571428571e-12
1173600,6.18857142857143e-12
1177200,9.79357142857143e-12
1180800,3.87342857142857e-12
1184400,3.62392857142857e-12
1188000,5.3785e-12
1191600,2.93021428571429e-11
1195200,8.94e-09
1198800,5.80285714285714e-08
1202400,1.48757142857143e-07
1206000,3.035e-07
1209600,4.49357142857143e-07
1213200,5.45142857142857e-07
1216800,5.60714285714286e-07
1220400,4.82428571428571e-07
1224000,3.73357142857143e-07
1227600,2.05892857142857e-07
1231200,7.52285714285714e-08
1234800,8.63928571428571e-09
1238400,2.397e-11
1242000,3.12865714285714e-12
1245600,2.49076923076923e-12
1249200,8.30846153846154e-12
1252800,8.45692857142857e-12
1256400,4.28628571428571e-12
1260000,6.18857142857143e-12
1263600,9.79357142857143e-12
1267200,3.87342857142857e-12
1270800,3.62392857142857e-12
1274400,5.3785e-12
1278000,2.93021428571429e-11
1281600,8.94e-09
1285200,5.80285714285714e-08
1288800,1.48757142857143e-07
1292400,3.035e-07
1296000,4.49357142857143e-07
1299600,5.45142857142857e-07
1303200,5.60714285714286e-07
1306800,4.82428571428571e-07
1310400,3.73357142857143e-07
1314000,2.05892857142857e-07
1317600,7.52285714285714e-08
1321200,8.63928571428571e-09
1324800,2.397e-11
1328400,3.12865714285714e-12
1332000,2.49076923076923e-12
1335600,8.30846153846154e-12
1339200,8.45692857142857e-12
1342800,4.28628571428571e-12
1346400,6.18857142857143e-12
1350000,9.79357142857143e-12
1353600,3.87342857142857e-12
1357200,3.62392857142857e-12
1360800,5.3785e-12
1364400,2.93021428571429e-11
1368000,8.94e-09
1371600,5.80285714285714e-08
1375200,1.48757142857143e-07
1378800,3.035e-07
1382400,4.49357142857143e-07
1386000,5.45142857142857e-07
1389600,5.60714285714286e-07
1393200,4.82428571428571e-07
1396800,3.73357142857143e-07
1400400,2.05892857142857e-07
1404000,7.52285714285714e-08
1407600,8.63928571428571e-09
1411200,2.397e-11
1414800,3.12865714285714e-12
1418400,2.49076923076923e-12
1422000,8.30846153846154e-12
1425600,8.45692857142857e-12
1429200,4.28628571428571e-12
1432800,6.18857142857143e-12
1436400,9.79357142857143e-12
1440000,3.87342857142857e-12
1443600,3.62392857142857e-12
1447200,5.3785e-12
1450800,2.93021428571429e-11
1454400,8.94e-09
1458000,5.80285714285714e-08
1461600,1.48757142857143e-07
1465200,3.035e-07
1468800,4.49357142857143e-07
1472400,5.45142857142857e-07
1476000,5.60714285714286e-07
1479600,4.82428571428571e-07
1483200,3.73357142857143e-07
1486800,2.05892857142857e-07
1490400,7.52285714285714e-08
1494000,8.63928571428571e-09
1497600,2.397e-11
1501200,3.12865714285714e-12
1504800,2.49076923076923e-12
1508400,8.30846153846154e-12
1512000,1e-10
1515600,1e-10
1519200,1e-10
1522800,1e-10
1526400,1.19e-12
1530000,1e-10
1533600,1e-10
1537200,1.65e-11
1540800,9.02e-09
1544400,4.98e-08
1548000,6.48e-08
1551600,1.69e-07
1555200,3.48e-07
1558800,5.02e-07
1562400,4.87e-07
1566000,3.99e-07
1569600,2.25e-07
1573200,1.03e-07
1576800,4.48e-08
1580400,6.23e-09
1584000,1e-10
1587600,1e-10
1591200,1e-10
1594800,1.6e-12
1598400,8.46e-12
1602000,1e-10
1605600,1.26e-11
1609200,1.88e-12
1612800,5.31e-12
1616400,8.53e-12
1620000,3.5e-12
1623600,2.27e-11
1627200,4.95e-09
1630800,3.23e-08
1634400,7.76e-08
1638000,2.94e-07
1641600,4.48e-07
1645200,4.08e-07
1648800,5.58e-07
1652400,4.83e-07
1656000,3.59e-07
1659600,1.63e-07
1663200,4.82e-08
1666800,5.02e-09
1670400,1.11e-11
1674000,9.23e-12
1677600,1e-10
1681200,1.31e-12
1684800,5.44e-12
1688400,1e-10
1692000,1.46e-11
1695600,1.15e-11
1699200,1e-10
1702800,2.13e-12
1706400,2.69e-28
1710000,1.88e-11
1713600,5.62e-09
1717200,4.79e-08
1720800,1.18e-07
1724400,2.79e-07
1728000,3.56e-07
1731600,4.82e-07
1735200,3.39e-07
1738800,4.53e-07
1742400,3.89e-07
1746000,2.22e-07
1749600,6.46e-08
1753200,8.63e-09
1756800,1.66e-11
1760400,1.03e-11
1764000,4.65e-12
1767600,6.19e-12
1771200,2.01e-12
1774800,4.95e-12
1778400,4.97e-12
1782000,1e-10
1785600,4.88e-12
1789200,6.86e-12
1792800,1e-10
1796400,5.49e-11
1800000,1.08e-08
1803600,7.04e-08
1807200,1.55e-07
1810800,3.13e-07
1814400,4.65e-07
1818000,5.54e-07
1821600,5.72e-07
1825200,5.16e-07
1828800,4.03e-07
1832400,1.84e-07
1836000,6.7e-08
1839600,9.57e-09
1843200,6.33e-12
1846800,1.89e-12
1850400,8.4e-12
1854000,8.08e-12
1857600,8.42e-12
1861200,1.19e-11
1864800,2.54e-12
1868400,1.2e-11
1872000,1e-10
1875600,1.35e-11
1879200,1.01e-11
1882800,5.77e-11
1886400,9.71e-09
1890000,5.17e-08
1893600,1.43e-07
1897200,3.21e-07
1900800,4.61e-07
1904400,5.51e-07
1908000,5.72e-07
1911600,4.77e-07
1915200,3.54e-07
1918800,1.68e-07
1922400,5.59e-08
1926000,7.05e-09
1929600,3.83e-11
1933200,8.77e-12
1936800,1e-10
1940400,1.45e-11
1944000,7.36e-12
1947600,1e-10
1951200,1.42e-11
1954800,1.28e-11
1958400,1e-10
1962000,1e-10
1965600,7.69e-12
1969200,7.31e-11
1972800,1.5e-08
1976400,7.78e-08
1980000,1.74e-07
1983600,3.61e-07
1987200,4.98e-07
1990800,6.23e-07
1994400,6.7e-07
1998000,6.28e-07
2001600,5.04e-07
2005200,3.01e-07
2008800,1.13e-07
2012400,1.36e-08
2016000,2.26e-11
2019600,1e-10
2023200,1e-10
2026800,1e-10
