0,0.000323555
3600,0.000370991
7200,0.000351436
10800,0.000337827
14400,0.000267017
18000,0.000180737
21600,8.08e-05
25200,1.04e-05
28800,1.13e-08
32400,1e-10
36000,1.52e-08
39600,7.15e-09
43200,1e-10
46800,1e-10
50400,1e-10
54000,6.93e-09
57600,1e-10
61200,1e-10
64800,5.07e-09
68400,1.87e-08
72000,7.67e-06
75600,6.23e-05
79200,9.88e-05
82800,0.000240686
86400,0.000323555
90000,0.000370991
93600,0.000351436
97200,0.000337827
100800,0.000267017
104400,0.000180737
108000,8.08e-05
111600,1.04e-05
115200,1.13e-08
118800,1e-10
122400,1.52e-08
126000,7.15e-09
129600,1e-10
133200,1e-10
136800,1e-10
140400,6.93e-09
144000,1e-10
147600,1e-10
151200,5.07e-09
154800,1.87e-08
158400,7.67e-06
162000,6.23e-05
165600,9.88e-05
169200,0.000240686
172800,0.000323555
176400,0.000370991
180000,0.000351436
183600,0.000337827
187200,0.000267017
190800,0.000180737
194400,8.08e-05
198000,1.04e-05
201600,1.13e-08
205200,1e-10
208800,1.52e-08
212400,7.15e-09
216000,1e-10
219600,1e-10
223200,1e-10
226800,6.93e-09
230400,1e-10
234000,1e-10
237600,5.07e-09
241200,1.87e-08
244800,7.67e-06
248400,6.23e-05
252000,9.88e-05
255600,0.000240686
259200,0.000323555
262800,0.000370991
266400,0.000351436
270000,0.000337827
273600,0.000267017
277200,0.000180737
280800,8.08e-05
284400,1.04e-05
288000,1.13e-08
291600,1e-10
295200,1.52e-08
298800,7.15e-09
302400,1e-10
306000,1e-10
309600,1e-10
313200,6.93e-09
316800,1e-10
320400,1e-10
324000,5.07e-09
327600,1.87e-08
331200,7.67e-06
334800,6.23e-05
338400,9.88e-05
342000,0.000240686
345600,0.000323555
349200,0.000370991
352800,0.000351436
356400,0.000337827
360000,0.000267017
363600,0.000180737
367200,8.08e-05
370800,1.04e-05
374400,1.13e-08
378000,1e-10
381600,1.52e-08
385200,7.15e-09
388800,9.51e-09
392400,3.92e-09
396000,6.32e-09
399600,5.65e-09
403200,3.76e-09
406800,2.03e-10
410400,6.75e-09
414000,1.21e-08
417600,1.36e-05
421200,7.82e-05
424800,0.000172766
428400,0.000248653
432000,0.000288616
435600,0.000348677
439200,0.000334917
442800,0.000270046
446400,0.000170292
450000,0.000123226
453600,5.08e-05
457200,6.84e-06
460800,5.47e-09
464400,7.38e-09
468000,1.18e-08
471600,5.83e-09
475200,1.14e-08
478800,1.58e-08
482400,8.08e-09
486000,2.05e-08
489600,1e-10
493200,4.84e-09
496800,9.11e-10
500400,2.01e-08
504000,9.32e-06
507600,4.86e-05
511200,0.000143342
514800,0.000203076
518400,0.000305889
522000,0.000344798
525600,0.000362045
529200,0.000331451
532800,0.000271411
536400,0.00020426
540000,9.09e-05
543600,1.17e-05
547200,2.45e-08
550800,1e-10
554400,1.03e-08
558000,1.49e-08
561600,8.32e-09
565200,1.01e-08
568800,1.28e-08
572400,2.7e-09
576000,9.23e-09
579600,1.39e-09
583200,9.14e-09
586800,2.67e-08
590400,1.74e-05
594000,9.51e-05
597600,0.000212311
601200,0.000271667
604800,0.000368738
608400,0.000412497
612000,0.000400132
615600,0.000342899
619200,0.000307914
622800,0.000199397
626400,0.000101178
630000,1.32e-05
633600,1.02e-08
637200,1e-10
640800,1e-10
644400,1.08e-08
648000,7.11e-09
651600,3.4e-09
655200,5.14e-09
658800,1.23e-08
662400,2.61e-09
666000,7.71e-09
669600,1.82e-09
673200,3.35e-08
676800,1.76e-05
680400,8.66e-05
684000,0.000160338
687600,0.000191087
691200,0.000246974
694800,0.000268228
698400,0.00028709
702000,0.000256368
705600,0.000230905
709200,0.00011774
712800,6.71e-05
716400,8.65e-06
720000,1.21e-08
723600,1.16e-08
727200,1e-10
730800,1.02e-08
734400,1.17e-08
738000,2.43e-09
741600,1e-10
745200,7.28e-09
748800,6.8e-09
752400,1.84e-09
756000,1.74e-08
759600,1.81e-08
763200,6.52e-06
766800,4.06e-05
770400,7.06e-05
774000,0.000121866
777600,0.000173618
781200,0.000229043
784800,0.00029178
788400,0.000113369
792000,9.62e-05
795600,6.98e-05
799200,2.65e-05
802800,5.22e-06
806400,1.92e-08
810000,5.08e-09
813600,2.5e-09
817200,9.31e-09
820800,1.3e-08
824400,7.47e-09
828000,8.73e-09
831600,1.45e-08
835200,8.74e-09
838800,2.35e-09
842400,1e-10
846000,3.52e-08
849600,1.3e-05
853200,8.05e-05
856800,0.0002425
860400,0.000342553
864000,0.000395786
867600,0.000417804
871200,0.000407338
874800,0.000380899
878400,0.000328632
882000,0.000205757
885600,8.69e-05
889200,1.24e-05
892800,3e-08
896400,2.67e-09
9e+05,8.03e-09
903600,7.74e-09
907200,1.11e-08
910800,1e-10
914400,6.26e-09
918000,1.8e-08
921600,1.54e-08
925200,8.78e-09
928800,5.77e-09
932400,6.16e-08
936000,1.57e-05
939600,0.000102541
943200,0.000226861
946800,0.000323017
950400,0.0003802
954000,0.000404509
957600,0.000407107
961200,0.000348245
964800,0.000319843
968400,0.000188069
972000,9.07e-05
975600,1.35e-05
979200,3.72e-08
982800,7.75e-10
986400,1.67846153846154e-09
990000,6.42661538461538e-09
993600,6.59285714285714e-09
997200,3.03978571428571e-09
1000800,4.68214285714286e-09
1004400,7.62928571428571e-09
1008000,2.66621428571429e-09
1011600,2.52592857142857e-09
1015200,3.94921428571429e-09
1018800,4.43714285714286e-08
1022400,1.27321428571429e-05
1026000,7.11029285714286e-05
1029600,0.000150388571428571
1033200,0.000243130857142857
1036800,0.000307749
1040400,0.000342483642857143
1044000,0.000343997928571429
1047600,0.000301571
1051200,0.000247526214285714
1054800,0.000152043142857143
1058400,6.73649285714286e-05
1062000,9.99714285714286e-06
1065600,1.67657142857143e-08
1069200,1.66478571428571e-09
1072800,1.67846153846154e-09
1076400,6.42661538461538e-09
1080000,6.59285714285714e-09
1083600,3.03978571428571e-09
1087200,4.68214285714286e-09
1090800,7.62928571428571e-09
1094400,2.66621428571429e-09
1098000,2.52592857142857e-09
1101600,3.94921428571429e-09
1105200,4.43714285714286e-08
1108800,1.27321428571429e-05
1112400,7.11029285714286e-05
1116000,0.000150388571428571
1119600,0.000243130857142857
1123200,0.000307749
1126800,0.000342483642857143
1130400,0.000343997928571429
1134000,0.000301571
1137600,0.000247526214285714
1141200,0.000152043142857143
1144800,6.73649285714286e-05
1148400,9.99714285714286e-06
1152000,1.67657142857143e-08
1155600,1.66478571428571e-09
1159200,1.67846153846154e-09
1162800,6.42661538461538e-09
1166400,6.59285714285714e-09
1170000,3.03978571428571e-09
1173600,4.68214285714286e-09
1177200,7.62928571428571e-09
1180800,2.66621428571429e-09
1184400,2.52592857142857e-09
1188000,3.94921428571429e-09
1191600,4.43714285714286e-08
1195200,1.27321428571429e-05
1198800,7.11029285714286e-05
1202400,0.000150388571428571
1206000,0.000243130857142857
1209600,0.000307749
1213200,0.000342483642857143
1216800,0.000343997928571429
1220400,0.000301571
1224000,0.000247526214285714
1227600,0.000152043142857143
1231200,6.73649285714286e-05
1234800,9.99714285714286e-06
1238400,1.67657142857143e-08
1242000,1.66478571428571e-09
1245600,1.67846153846154e-09
1249200,6.42661538461538e-09
1252800,6.59285714285714e-09
1256400,3.03978571428571e-09
1260000,4.68214285714286e-09
1263600,7.62928571428571e-09
1267200,2.66621428571429e-09
1270800,2.52592857142857e-09
1274400,3.94921428571429e-09
1278000,4.43714285714286e-08
1281600,1.27321428571429e-05
1285200,7.11029285714286e-05
1288800,0.000150388571428571
1292400,0.000243130857142857
1296000,0.000307749
1299600,0.000342483642857143
1303200,0.000343997928571429
1306800,0.000301571
1310400,0.000247526214285714
1314000,0.000152043142857143
1317600,6.73649285714286e-05
1321200,9.99714285714286e-06
1324800,1.67657142857143e-08
1328400,1.66478571428571e-09
1332000,1.67846153846154e-09
1335600,6.42661538461538e-09
1339200,6.59285714285714e-09
1342800,3.03978571428571e-09
1346400,4.68214285714286e-09
1350000,7.62928571428571e-09
1353600,2.66621428571429e-09
1357200,2.52592857142857e-09
1360800,3.94921428571429e-09
1364400,4.43714285714286e-08
1368000,1.27321428571429e-05
1371600,7.11029285714286e-05
1375200,0.000150388571428571
1378800,0.000243130857142857
1382400,0.000307749
1386000,0.000342483642857143
1389600,0.000343997928571429
1393200,0.000301571
1396800,0.000247526214285714
1400400,0.000152043142857143
1404000,6.73649285714286e-05
1407600,9.99714285714286e-06
1411200,1.67657142857143e-08
1414800,1.66478571428571e-09
1418400,1.67846153846154e-09
1422000,6.42661538461538e-09
1425600,6.59285714285714e-09
1429200,3.03978571428571e-09
1432800,4.68214285714286e-09
1436400,7.62928571428571e-09
1440000,2.66621428571429e-09
1443600,2.52592857142857e-09
1447200,3.94921428571429e-09
1450800,4.43714285714286e-08
1454400,1.27321428571429e-05
1458000,7.11029285714286e-05
1461600,0.000150388571428571
1465200,0.000243130857142857
1468800,0.000307749
1472400,0.000342483642857143
1476000,0.000343997928571429
1479600,0.000301571
1483200,0.000247526214285714
1486800,0.000152043142857143
1490400,6.73649285714286e-05
1494000,9.99714285714286e-06
1497600,1.67657142857143e-08
1501200,1.66478571428571e-09
1504800,1.67846153846154e-09
1508400,6.42661538461538e-09
1512000,1e-10
1515600,1e-10
1519200,1e-10
1522800,1e-10
1526400,4.4e-10
1530000,1e-10
1533600,1e-10
1537200,3.41e-08
1540800,1.28e-05
1544400,6.25e-05
1548000,7.05e-05
1551600,0.000145262
1555200,0.00024692
1558800,0.000325722
1562400,0.000306189
1566000,0.000251367
1569600,0.000148789
1573200,7.48e-05
1576800,4.03e-05
1580400,7.13e-06
1584000,1e-10
1587600,1e-10
1591200,1e-10
1594800,8.28e-10
1598400,6.86e-09
1602000,1e-10
1605600,9.95e-09
1609200,1.03e-09
1612800,4.21e-09
1616400,6.75e-09
1620000,2.58e-09
1623600,4.42e-08
1627200,7.27e-06
1630800,3.91e-05
1634400,7.98e-05
1638000,0.00024785
1641600,0.000322937
1645200,0.00026504
1648800,0.000349059
1652400,0.000304321
1656000,0.00023928
1659600,0.000119953
1663200,4.13e-05
1666800,5.88e-06
1670400,1.1e-08
1674000,6.84e-09
1677600,1e-10
1681200,7.18e-10
1684800,4.24e-09
1688400,1e-10
1692000,1.2e-08
1695600,9.08e-09
1699200,1e-10
1702800,1.58e-09
1706400,1e-10
1710000,2.47e-08
1713600,7.77e-06
1717200,5.73e-05
1720800,0.000126376
1724400,0.000239173
1728000,0.000254157
1731600,0.000314769
1735200,0.000212869
1738800,0.000286994
1742400,0.000260707
1746000,0.000167392
1749600,5.84e-05
1753200,1.02e-05
1756800,1.53e-08
1760400,8.44e-09
1764000,3.4e-09
1767600,4.71e-09
1771200,1.29e-09
1774800,3.87e-09
1778400,3.94e-09
1782000,1e-10
1785600,3.22e-09
1789200,5.31e-09
1792800,1e-10
1796400,9.2e-08
1800000,1.56e-05
1803600,8.8e-05
1807200,0.000168767
1810800,0.000264294
1814400,0.000329671
1818000,0.000353732
1821600,0.000352461
1825200,0.000320452
1828800,0.000266425
1832400,0.000134687
1836000,5.93e-05
1839600,1.1e-05
1843200,9.34e-09
1846800,8.43e-10
1850400,6.49e-09
1854000,6.14e-09
1857600,6.57e-09
1861200,9.19e-09
1864800,1.7e-09
1868400,9.62e-09
1872000,1e-10
1875600,1.08e-08
1879200,7.7e-09
1882800,8.12e-08
1886400,1.31e-05
1890000,6.04e-05
1893600,0.000149988
1897200,0.000267299
1900800,0.000324894
1904400,0.000349011
1908000,0.00035038
1911600,0.000295677
1915200,0.00023104
1918800,0.000121589
1922400,4.78e-05
1926000,7.94e-06
1929600,2.88e-08
1933200,6.32e-09
1936800,1e-10
1940400,1.15e-08
1944000,5.5e-09
1947600,1e-10
1951200,1.14e-08
1954800,1.03e-08
1958400,1e-10
1962000,1e-10
1965600,5.71e-09
1969200,1.19e-07
1972800,2.09e-05
1976400,9.37e-05
1980000,0.000182491
1983600,0.000297349
1987200,0.000346531
1990800,0.00038995
1994400,0.000403168
1998000,0.000382079
2001600,0.000326912
2005200,0.000221197
2008800,0.000101131
2012400,1.59e-05
2016000,2.38e-08
2019600,1e-10
2023200,1e-10
2026800,1e-10
