0,3.9e-05
3600,4.44e-05
7200,4.19e-05
10800,4.08e-05
14400,3.3e-05
18000,2.36e-05
21600,1.16e-05
25200,1.55e-06
28800,1.27e-09
32400,1e-10
36000,1.57e-09
39600,7.42e-10
43200,1e-10
46800,1e-10
50400,1e-10
54000,6.94e-10
57600,1e-10
61200,1e-10
64800,4.98e-10
68400,2.4e-09
72000,1.1e-06
75600,8.23e-06
79200,1.26e-05
82800,3e-05
86400,3.9e-05
90000,4.44e-05
93600,4.19e-05
97200,4.08e-05
100800,3.3e-05
104400,2.36e-05
108000,1.16e-05
111600,1.55e-06
115200,1.27e-09
118800,1e-10
122400,1.57e-09
126000,7.42e-10
129600,1e-10
133200,1e-10
136800,1e-10
140400,6.94e-10
144000,1e-10
147600,1e-10
151200,4.98e-10
154800,2.4e-09
158400,1.1e-06
162000,8.23e-06
165600,1.26e-05
169200,3e-05
172800,3.9e-05
176400,4.44e-05
180000,4.19e-05
183600,4.08e-05
187200,3.3e-05
190800,2.36e-05
194400,1.16e-05
198000,1.55e-06
201600,1.27e-09
205200,1e-10
208800,1.57e-09
212400,7.42e-10
216000,1e-10
219600,1e-10
223200,1e-10
226800,6.94e-10
230400,1e-10
234000,1e-10
237600,4.98e-10
241200,2.4e-09
244800,1.1e-06
248400,8.23e-06
252000,1.26e-05
255600,3e-05
259200,3.9e-05
262800,4.44e-05
266400,4.19e-05
270000,4.08e-05
273600,3.3e-05
277200,2.36e-05
280800,1.16e-05
284400,1.55e-06
288000,1.27e-09
291600,1e-10
295200,1.57e-09
298800,7.42e-10
302400,1e-10
306000,1e-10
309600,1e-10
313200,6.94e-10
316800,1e-10
320400,1e-10
324000,4.98e-10
327600,2.4e-09
331200,1.1e-06
334800,8.23e-06
338400,1.26e-05
342000,3e-05
345600,3.9e-05
349200,4.44e-05
352800,4.19e-05
356400,4.08e-05
360000,3.3e-05
363600,2.36e-05
367200,1.16e-05
370800,1.55e-06
374400,1.27e-09
378000,1e-10
381600,1.57e-09
385200,7.42e-10
388800,9.9e-10
392400,3.96e-10
396000,6.32e-10
399600,5.73e-10
403200,3.64e-10
406800,4.71e-12
410400,6.85e-10
414000,2.06e-09
417600,1.94e-06
421200,1.1e-05
424800,2.32e-05
428400,3.15e-05
432000,3.51e-05
435600,4.21e-05
439200,4.05e-05
442800,3.29e-05
446400,2.07e-05
450000,1.56e-05
453600,6.67e-06
457200,9.39e-07
460800,5.98e-10
464400,7.17e-10
468000,1.21e-09
471600,5.91e-10
475200,1.19e-09
478800,1.65e-09
482400,8.36e-10
486000,2.13e-09
489600,1e-10
493200,4.71e-10
496800,6.8e-11
500400,2.61e-09
504000,1.27e-06
507600,6.23e-06
511200,1.86e-05
514800,2.49e-05
518400,3.68e-05
522000,4.12e-05
525600,4.36e-05
529200,4.03e-05
532800,3.36e-05
536400,2.68e-05
540000,1.31e-05
543600,1.77e-06
547200,2.64e-09
550800,1e-10
554400,1.07e-09
558000,1.55e-09
561600,8.5e-10
565200,1.04e-09
568800,1.33e-09
572400,2.72e-10
576000,9.41e-10
579600,1.22e-10
583200,9.23e-10
586800,4.22e-09
590400,2.66e-06
594000,1.33e-05
597600,2.8e-05
601200,3.31e-05
604800,4.43e-05
608400,4.89e-05
612000,4.75e-05
615600,4.05e-05
619200,3.75e-05
622800,2.53e-05
626400,1.42e-05
630000,1.92e-06
633600,1.18e-09
637200,1e-10
640800,1e-10
644400,1.11e-09
648000,7.27e-10
651600,3.43e-10
655200,5.29e-10
658800,1.28e-09
662400,2.56e-10
666000,8.02e-10
669600,1.7e-10
673200,4.57e-09
676800,2.53e-06
680400,1.17e-05
684000,2.04e-05
687600,2.3e-05
691200,2.93e-05
694800,3.16e-05
698400,3.39e-05
702000,3.06e-05
705600,2.79e-05
709200,1.44e-05
712800,8.76e-06
716400,1.16e-06
720000,1.29e-09
723600,1.18e-09
727200,1e-10
730800,1.05e-09
734400,1.21e-09
738000,2.25e-10
741600,1e-10
745200,7.4e-10
748800,7.02e-10
752400,1.86e-10
756000,1.81e-09
759600,2.24e-09
763200,8.59e-07
766800,5.17e-06
770400,8.64e-06
774000,1.46e-05
777600,2.05e-05
781200,2.71e-05
784800,3.46e-05
788400,1.33e-05
792000,1.14e-05
795600,8.4e-06
799200,3.3e-06
802800,7e-07
806400,1.97e-09
810000,5e-10
813600,2.38e-10
817200,9.53e-10
820800,1.35e-09
824400,7.74e-10
828000,8.94e-10
831600,1.51e-09
835200,8.85e-10
838800,2.25e-10
842400,1e-10
846000,4.47e-09
849600,1.74e-06
853200,1.05e-05
856800,3.19e-05
860400,4.23e-05
864000,4.73e-05
867600,4.93e-05
871200,4.81e-05
874800,4.54e-05
878400,4.03e-05
882000,2.6e-05
885600,1.17e-05
889200,1.81e-06
892800,3.16e-09
896400,2.59e-10
9e+05,8.29e-10
903600,8.02e-10
907200,1.17e-09
910800,1e-10
914400,6.36e-10
918000,1.89e-09
921600,1.61e-09
925200,8.94e-10
928800,5.89e-10
932400,8.89e-09
936000,2.31e-06
939600,1.42e-05
943200,2.97e-05
946800,3.97e-05
950400,4.54e-05
954000,4.78e-05
957600,4.81e-05
961200,4.12e-05
964800,3.92e-05
968400,2.38e-05
972000,1.27e-05
975600,2.02e-06
979200,3.89e-09
982800,7.48e-11
986400,1.60538461538462e-10
990000,6.57653846153846e-10
993600,6.76542857142857e-10
997200,3.03171428571429e-10
1000800,4.77214285714286e-10
1004400,7.85764285714286e-10
1008000,2.58371428571429e-10
1011600,2.47122142857143e-10
1015200,3.90307142857143e-10
1018800,6.49071428571429e-09
1022400,1.81207142857143e-06
1026000,9.60857142857143e-06
1029600,1.95428571428571e-05
1033200,3.025e-05
1036800,3.71642857142857e-05
1040400,4.09214285714286e-05
1044000,4.11071428571429e-05
1047600,3.62928571428571e-05
1051200,3.04142857142857e-05
1054800,1.93378571428571e-05
1058400,9.18357142857143e-06
1062000,1.4335e-06
1065600,1.95437142857143e-09
1069200,1.50942857142857e-10
1072800,1.60538461538462e-10
1076400,6.57653846153846e-10
1080000,6.76542857142857e-10
1083600,3.03171428571429e-10
1087200,4.77214285714286e-10
1090800,7.85764285714286e-10
1094400,2.58371428571429e-10
1098000,2.47122142857143e-10
1101600,3.90307142857143e-10
1105200,6.49071428571429e-09
1108800,1.81207142857143e-06
1112400,9.60857142857143e-06
1116000,1.95428571428571e-05
1119600,3.025e-05
1123200,3.71642857142857e-05
1126800,4.09214285714286e-05
1130400,4.11071428571429e-05
1134000,3.62928571428571e-05
1137600,3.04142857142857e-05
1141200,1.93378571428571e-05
1144800,9.18357142857143e-06
1148400,1.4335e-06
1152000,1.95437142857143e-09
1155600,1.50942857142857e-10
1159200,1.60538461538462e-10
1162800,6.57653846153846e-10
1166400,6.76542857142857e-10
1170000,3.03171428571429e-10
1173600,4.77214285714286e-10
1177200,7.85764285714286e-10
1180800,2.58371428571429e-10
1184400,2.47122142857143e-10
1188000,3.90307142857143e-10
1191600,6.49071428571429e-09
1195200,1.81207142857143e-06
1198800,9.60857142857143e-06
1202400,1.95428571428571e-05
1206000,3.025e-05
1209600,3.71642857142857e-05
1213200,4.09214285714286e-05
1216800,4.11071428571429e-05
1220400,3.62928571428571e-05
1224000,3.04142857142857e-05
1227600,1.93378571428571e-05
1231200,9.18357142857143e-06
1234800,1.4335e-06
1238400,1.95437142857143e-09
1242000,1.50942857142857e-10
1245600,1.60538461538462e-10
1249200,6.57653846153846e-10
1252800,6.76542857142857e-10
1256400,3.03171428571429e-10
1260000,4.77214285714286e-10
1263600,7.85764285714286e-10
1267200,2.58371428571429e-10
1270800,2.47122142857143e-10
1274400,3.90307142857143e-10
1278000,6.49071428571429e-09
1281600,1.81207142857143e-06
1285200,9.60857142857143e-06
1288800,1.95428571428571e-05
1292400,3.025e-05
1296000,3.71642857142857e-05
1299600,4.09214285714286e-05
1303200,4.11071428571429e-05
1306800,3.62928571428571e-05
1310400,3.04142857142857e-05
1314000,1.93378571428571e-05
1317600,9.18357142857143e-06
1321200,1.4335e-06
1324800,1.95437142857143e-09
1328400,1.50942857142857e-10
1332000,1.60538461538462e-10
1335600,6.57653846153846e-10
1339200,6.76542857142857e-10
1342800,3.03171428571429e-10
1346400,4.77214285714286e-10
1350000,7.85764285714286e-10
1353600,2.58371428571429e-10
1357200,2.47122142857143e-10
1360800,3.90307142857143e-10
1364400,6.49071428571429e-09
1368000,1.81207142857143e-06
1371600,9.60857142857143e-06
1375200,1.95428571428571e-05
1378800,3.025e-05
1382400,3.71642857142857e-05
1386000,4.09214285714286e-05
1389600,4.11071428571429e-05
1393200,3.62928571428571e-05
1396800,3.04142857142857e-05
1400400,1.93378571428571e-05
1404000,9.18357142857143e-06
1407600,1.4335e-06
1411200,1.95437142857143e-09
1414800,1.50942857142857e-10
1418400,1.60538461538462e-10
1422000,6.57653846153846e-10
1425600,6.76542857142857e-10
1429200,3.03171428571429e-10
1432800,4.77214285714286e-10
1436400,7.85764285714286e-10
1440000,2.58371428571429e-10
1443600,2.47122142857143e-10
1447200,3.90307142857143e-10
1450800,6.49071428571429e-09
1454400,1.81207142857143e-06
1458000,9.60857142857143e-06
1461600,1.95428571428571e-05
1465200,3.025e-05
1468800,3.71642857142857e-05
1472400,4.09214285714286e-05
1476000,4.11071428571429e-05
1479600,3.62928571428571e-05
1483200,3.04142857142857e-05
1486800,1.93378571428571e-05
1490400,9.18357142857143e-06
1494000,1.4335e-06
1497600,1.95437142857143e-09
1501200,1.50942857142857e-10
1504800,1.60538461538462e-10
1508400,6.57653846153846e-10
1512000,1e-10
1515600,1e-10
1519200,1e-10
1522800,1e-10
1526400,2.68e-11
1530000,1e-10
1533600,1e-10
1537200,5.47e-09
1540800,1.79e-06
1544400,8.79e-06
1548000,9.23e-06
1551600,1.86e-05
1555200,3e-05
1558800,3.95e-05
1562400,3.71e-05
1566000,3.05e-05
1569600,1.82e-05
1573200,9.23e-06
1576800,5.3e-06
1580400,9.72e-07
1584000,2.32e-11
1587600,1e-10
1591200,1e-10
1594800,6.56e-11
1598400,7.14e-10
1602000,1e-10
1605600,1.04e-09
1609200,8.87e-11
1612800,4.36e-10
1616400,7.06e-10
1620000,2.63e-10
1623600,7.02e-09
1627200,1.08e-06
1630800,5.19e-06
1634400,9.93e-06
1638000,3.12e-05
1641600,3.97e-05
1645200,3.2e-05
1648800,4.21e-05
1652400,3.7e-05
1656000,2.97e-05
1659600,1.5e-05
1663200,5.31e-06
1666800,8.18e-07
1670400,1.44e-09
1674000,7.02e-10
1677600,1e-10
1681200,7.39e-11
1684800,4.36e-10
1688400,1e-10
1692000,1.27e-09
1695600,9.44e-10
1699200,1e-10
1702800,1.57e-10
1706400,1e-10
1710000,3.42e-09
1713600,1.04e-06
1717200,7.4e-06
1720800,1.65e-05
1724400,3.06e-05
1728000,3.11e-05
1731600,3.83e-05
1735200,2.57e-05
1738800,3.52e-05
1742400,3.27e-05
1746000,2.19e-05
1749600,7.94e-06
1753200,1.47e-06
1756800,2.04e-09
1760400,8.74e-10
1764000,3.44e-10
1767600,4.76e-10
1771200,1.13e-10
1774800,3.93e-10
1778400,4.09e-10
1782000,1e-10
1785600,3.18e-10
1789200,5.37e-10
1792800,1e-10
1796400,1.42e-08
1800000,2.31e-06
1803600,1.25e-05
1807200,2.25e-05
1810800,3.35e-05
1814400,4.05e-05
1818000,4.26e-05
1821600,4.26e-05
1825200,3.9e-05
1828800,3.33e-05
1832400,1.72e-05
1836000,7.98e-06
1839600,1.52e-06
1843200,1.37e-09
1846800,7.39e-11
1850400,6.75e-10
1854000,6.3e-10
1857600,6.76e-10
1861200,9.51e-10
1864800,1.61e-10
1868400,1.01e-09
1872000,1e-10
1875600,1.13e-09
1879200,7.85e-10
1882800,1.13e-08
1886400,1.76e-06
1890000,7.71e-06
1893600,1.92e-05
1897200,3.36e-05
1900800,3.96e-05
1904400,4.19e-05
1908000,4.22e-05
1911600,3.6e-05
1915200,2.84e-05
1918800,1.53e-05
1922400,6.11e-06
1926000,1.06e-06
1929600,3.38e-09
1933200,6.23e-10
1936800,1e-10
1940400,1.19e-09
1944000,5.52e-10
1947600,1e-10
1951200,1.18e-09
1954800,1.07e-09
1958400,1e-10
1962000,1e-10
1965600,5.66e-10
1969200,1.8e-08
1972800,2.98e-06
1976400,1.26e-05
1980000,2.32e-05
1983600,3.69e-05
1987200,4.17e-05
1990800,4.62e-05
1994400,4.76e-05
1998000,4.54e-05
2001600,3.99e-05
2005200,2.82e-05
2008800,1.39e-05
2012400,2.36e-06
2016000,3.11e-09
2019600,1e-10
2023200,1e-10
2026800,1e-10
