0,0.000240639
3600,0.000273913
7200,0.000258726
10800,0.000250449
14400,0.000200666
18000,0.000139854
21600,6.55e-05
25200,8.63e-06
28800,8.18e-09
32400,1e-10
36000,1.09e-08
39600,5.13e-09
43200,1e-10
46800,1e-10
50400,1e-10
54000,4.87e-09
57600,1e-10
61200,1e-10
64800,3.52e-09
68400,1.47e-08
72000,6.33e-06
75600,4.95e-05
79200,7.64e-05
82800,0.000182765
86400,0.000240639
90000,0.000273913
93600,0.000258726
97200,0.000250449
100800,0.000200666
104400,0.000139854
108000,6.55e-05
111600,8.63e-06
115200,8.18e-09
118800,1e-10
122400,1.09e-08
126000,5.13e-09
129600,1e-10
133200,1e-10
136800,1e-10
140400,4.87e-09
144000,1e-10
147600,1e-10
151200,3.52e-09
154800,1.47e-08
158400,6.33e-06
162000,4.95e-05
165600,7.64e-05
169200,0.000182765
172800,0.000240639
176400,0.000273913
180000,0.000258726
183600,0.000250449
187200,0.000200666
190800,0.000139854
194400,6.55e-05
198000,8.63e-06
201600,8.18e-09
205200,1e-10
208800,1.09e-08
212400,5.13e-09
216000,1e-10
219600,1e-10
223200,1e-10
226800,4.87e-09
230400,1e-10
234000,1e-10
237600,3.52e-09
241200,1.47e-08
244800,6.33e-06
248400,4.95e-05
252000,7.64e-05
255600,0.000182765
259200,0.000240639
262800,0.000273913
266400,0.000258726
270000,0.000250449
273600,0.000200666
277200,0.000139854
280800,6.55e-05
284400,8.63e-06
288000,8.18e-09
291600,1e-10
295200,1.09e-08
298800,5.13e-09
302400,1e-10
306000,1e-10
309600,1e-10
313200,4.87e-09
316800,1e-10
320400,1e-10
324000,3.52e-09
327600,1.47e-08
331200,6.33e-06
334800,4.95e-05
338400,7.64e-05
342000,0.000182765
345600,0.000240639
349200,0.000273913
352800,0.000258726
356400,0.000250449
360000,0.000200666
363600,0.000139854
367200,6.55e-05
370800,8.63e-06
374400,8.18e-09
378000,1e-10
381600,1.09e-08
385200,5.13e-09
388800,6.84e-09
392400,2.76e-09
396000,4.43e-09
399600,3.99e-09
403200,2.59e-09
406800,7.62e-11
410400,4.79e-09
414000,1.09e-08
417600,1.12e-05
421200,6.37e-05
424800,0.000136639
428400,0.000190077
432000,0.000215459
435600,0.000258448
439200,0.000248286
442800,0.000201251
446400,0.000127221
450000,9.4e-05
453600,3.97e-05
457200,5.52e-06
460800,3.91e-09
464400,5.03e-09
468000,8.44e-09
471600,4.14e-09
475200,8.2e-09
478800,1.14e-08
482400,5.78e-09
486000,1.47e-08
489600,1e-10
493200,3.36e-09
496800,5.56e-10
500400,1.6e-08
504000,7.57e-06
507600,3.81e-05
511200,0.00011182
514800,0.000153172
518400,0.000227155
522000,0.000254452
525600,0.000267763
529200,0.000246523
532800,0.000204183
536400,0.000158355
540000,7.38e-05
543600,9.78e-06
547200,1.74e-08
550800,1e-10
554400,7.42e-09
558000,1.07e-08
561600,5.92e-09
565200,7.2e-09
568800,9.21e-09
572400,1.9e-09
576000,6.56e-09
579600,9.25e-10
583200,6.47e-09
586800,2.3e-08
590400,1.47e-05
594000,7.72e-05
597600,0.000166667
601200,0.000204534
604800,0.000273735
608400,0.000303189
612000,0.000294184
615600,0.000252017
619200,0.000230011
622800,0.000152508
626400,8.12e-05
630000,1.09e-05
633600,7.58e-09
637200,1e-10
640800,1e-10
644400,7.71e-09
648000,5.08e-09
651600,2.39e-09
655200,3.67e-09
658800,8.84e-09
662400,1.8e-09
666000,5.54e-09
669600,1.22e-09
673200,2.73e-08
676800,1.46e-05
680400,6.94e-05
684000,0.000124067
687600,0.000142875
691200,0.000182197
694800,0.000196655
698400,0.000210276
702000,0.000189016
705600,0.000171652
709200,8.85e-05
712800,5.23e-05
716400,6.94e-06
720000,8.59e-09
723600,8.17e-09
727200,1e-10
730800,7.29e-09
734400,8.4e-09
738000,1.63e-09
741600,1e-10
745200,5.16e-09
748800,4.86e-09
752400,1.28e-09
756000,1.25e-08
759600,1.41e-08
763200,5.2e-06
766800,3.17e-05
770400,5.37e-05
774000,9.09e-05
777600,0.000127963
781200,0.000168332
784800,0.000214406
788400,8.31e-05
792000,7.1e-05
795600,5.21e-05
799200,2.02e-05
802800,4.18e-06
806400,1.34e-08
810000,3.5e-09
813600,1.71e-09
817200,6.64e-09
820800,9.34e-09
824400,5.34e-09
828000,6.22e-09
831600,1.05e-08
835200,6.21e-09
838800,1.62e-09
842400,1e-10
846000,2.78e-08
849600,1.05e-05
853200,6.36e-05
856800,0.000190426
860400,0.000259374
864000,0.000293528
867600,0.000306825
871200,0.000299007
874800,0.000281101
878400,0.00024641
882000,0.000157219
885600,6.88e-05
889200,1.03e-05
892800,2.12e-08
896400,1.81e-09
9e+05,5.76e-09
903600,5.55e-09
907200,8.04e-09
910800,1e-10
914400,4.43e-09
918000,1.3e-08
921600,1.11e-08
925200,6.24e-09
928800,4.12e-09
932400,5.13e-08
936000,1.3e-05
939600,8.3e-05
943200,0.000177732
946800,0.000244079
950400,0.000281685
954000,0.00029722
957600,0.000298764
961200,0.000256138
964800,0.000239773
968400,0.000143787
972000,7.28e-05
975600,1.12e-05
979200,2.62e-08
982800,5.62e-10
986400,1.14846153846154e-09
990000,4.57753846153846e-09
993600,4.70357142857143e-09
997200,2.12585714285714e-09
1000800,3.32285714285714e-09
1004400,5.45307142857143e-09
1008000,1.83292857142857e-09
1011600,1.75365714285714e-09
1015200,2.75557142857143e-09
1018800,3.72285714285714e-08
1022400,1.04878571428571e-05
1026000,5.69214285714286e-05
1029600,0.000117512285714286
1033200,0.000184771428571429
1036800,0.0002292545
1040400,0.000252835357142857
1044000,0.000253605285714286
1047600,0.000223295428571429
1051200,0.000185543071428571
1054800,0.000116294642857143
1058400,5.34571428571429e-05
1062000,8.19357142857143e-06
1065600,1.24492857142857e-08
1069200,1.09114285714286e-09
1072800,1.14846153846154e-09
1076400,4.57753846153846e-09
1080000,4.70357142857143e-09
1083600,2.12585714285714e-09
1087200,3.32285714285714e-09
1090800,5.45307142857143e-09
1094400,1.83292857142857e-09
1098000,1.75365714285714e-09
1101600,2.75557142857143e-09
1105200,3.72285714285714e-08
1108800,1.04878571428571e-05
1112400,5.69214285714286e-05
1116000,0.000117512285714286
1119600,0.000184771428571429
1123200,0.0002292545
1126800,0.000252835357142857
1130400,0.000253605285714286
1134000,0.000223295428571429
1137600,0.000185543071428571
1141200,0.000116294642857143
1144800,5.34571428571429e-05
1148400,8.19357142857143e-06
1152000,1.24492857142857e-08
1155600,1.09114285714286e-09
1159200,1.14846153846154e-09
1162800,4.57753846153846e-09
1166400,4.70357142857143e-09
1170000,2.12585714285714e-09
1173600,3.32285714285714e-09
1177200,5.45307142857143e-09
1180800,1.83292857142857e-09
1184400,1.75365714285714e-09
1188000,2.75557142857143e-09
1191600,3.72285714285714e-08
1195200,1.04878571428571e-05
1198800,5.69214285714286e-05
1202400,0.000117512285714286
1206000,0.000184771428571429
1209600,0.0002292545
1213200,0.000252835357142857
1216800,0.000253605285714286
1220400,0.000223295428571429
1224000,0.000185543071428571
1227600,0.000116294642857143
1231200,5.34571428571429e-05
1234800,8.19357142857143e-06
1238400,1.24492857142857e-08
1242000,1.09114285714286e-09
1245600,1.14846153846154e-09
1249200,4.57753846153846e-09
1252800,4.70357142857143e-09
1256400,2.12585714285714e-09
1260000,3.32285714285714e-09
1263600,5.45307142857143e-09
1267200,1.83292857142857e-09
1270800,1.75365714285714e-09
1274400,2.75557142857143e-09
1278000,3.72285714285714e-08
1281600,1.04878571428571e-05
1285200,5.69214285714286e-05
1288800,0.000117512285714286
1292400,0.000184771428571429
1296000,0.0002292545
1299600,0.000252835357142857
1303200,0.000253605285714286
1306800,0.000223295428571429
1310400,0.000185543071428571
1314000,0.000116294642857143
1317600,5.34571428571429e-05
1321200,8.19357142857143e-06
1324800,1.24492857142857e-08
1328400,1.09114285714286e-09
1332000,1.14846153846154e-09
1335600,4.57753846153846e-09
1339200,4.70357142857143e-09
1342800,2.12585714285714e-09
1346400,3.32285714285714e-09
1350000,5.45307142857143e-09
1353600,1.83292857142857e-09
1357200,1.75365714285714e-09
1360800,2.75557142857143e-09
1364400,3.72285714285714e-08
1368000,1.04878571428571e-05
1371600,5.69214285714286e-05
1375200,0.000117512285714286
1378800,0.000184771428571429
1382400,0.0002292545
1386000,0.000252835357142857
1389600,0.000253605285714286
1393200,0.000223295428571429
1396800,0.000185543071428571
1400400,0.000116294642857143
1404000,5.34571428571429e-05
1407600,8.19357142857143e-06
1411200,1.24492857142857e-08
1414800,1.09114285714286e-09
1418400,1.14846153846154e-09
1422000,4.57753846153846e-09
1425600,4.70357142857143e-09
1429200,2.12585714285714e-09
1432800,3.32285714285714e-09
1436400,5.45307142857143e-09
1440000,1.83292857142857e-09
1443600,1.75365714285714e-09
1447200,2.75557142857143e-09
1450800,3.72285714285714e-08
1454400,1.04878571428571e-05
1458000,5.69214285714286e-05
1461600,0.000117512285714286
1465200,0.000184771428571429
1468800,0.0002292545
1472400,0.000252835357142857
1476000,0.000253605285714286
1479600,0.000223295428571429
1483200,0.000185543071428571
1486800,0.000116294642857143
1490400,5.34571428571429e-05
1494000,8.19357142857143e-06
1497600,1.24492857142857e-08
1501200,1.09114285714286e-09
1504800,1.14846153846154e-09
1508400,4.57753846153846e-09
1512000,1e-10
1515600,1e-10
1519200,1e-10
1522800,1e-10
1526400,2.19e-10
1530000,1e-10
1533600,1e-10
1537200,3e-08
1540800,1.05e-05
1544400,5.08e-05
1548000,5.54e-05
1551600,0.000111924
1555200,0.000184789
1558800,0.000242164
1562400,0.000227269
1566000,0.000186939
1569600,0.000111345
1573200,5.65e-05
1576800,3.16e-05
1580400,5.74e-06
1584000,1e-10
1587600,1e-10
1591200,1e-10
1594800,5.21e-10
1598400,4.94e-09
1602000,1e-10
1605600,7.15e-09
1609200,6.63e-10
1612800,3.02e-09
1616400,4.86e-09
1620000,1.82e-09
1623600,3.88e-08
1627200,6.07e-06
1630800,3.1e-05
1634400,6.14e-05
1638000,0.000189675
1641600,0.000243066
1645200,0.000196906
1648800,0.000258628
1652400,0.000226477
1656000,0.000180097
1659600,9.12e-05
1663200,3.2e-05
1666800,4.77e-06
1670400,8.72e-09
1674000,4.87e-09
1677600,1e-10
1681200,5.07e-10
1684800,3.01e-09
1688400,1e-10
1692000,8.72e-09
1695600,6.52e-09
1699200,1e-10
1702800,1.1e-09
1706400,1e-10
1710000,2.02e-08
1713600,6.26e-06
1717200,4.5e-05
1720800,9.91e-05
1724400,0.000184297
1728000,0.000190638
1731600,0.000234598
1735200,0.00015777
1738800,0.000214319
1742400,0.000197191
1746000,0.000129513
1749600,4.63e-05
1753200,8.38e-06
1756800,1.21e-08
1760400,6.06e-09
1764000,2.39e-09
1767600,3.33e-09
1771200,8.49e-10
1774800,2.75e-09
1778400,2.83e-09
1782000,1e-10
1785600,2.24e-09
1789200,3.77e-09
1792800,1e-10
1796400,7.92e-08
1800000,1.31e-05
1803600,7.18e-05
1807200,0.000133518
1810800,0.000202803
1814400,0.000247578
1818000,0.000262035
1821600,0.000260955
1825200,0.000238091
1828800,0.000200959
1832400,0.000103055
1836000,4.68e-05
1839600,8.91e-06
1843200,7.89e-09
1846800,5.2e-10
1850400,4.66e-09
1854000,4.38e-09
1857600,4.69e-09
1861200,6.57e-09
1864800,1.15e-09
1868400,6.94e-09
1872000,1e-10
1875600,7.8e-09
1879200,5.47e-09
1882800,6.69e-08
1886400,1.06e-05
1890000,4.72e-05
1893600,0.000116607
1897200,0.000204324
1900800,0.000243231
1904400,0.000258151
1908000,0.000259031
1911600,0.000219721
1915200,0.000173061
1918800,9.23e-05
1922400,3.69e-05
1926000,6.36e-06
1929600,2.16e-08
1933200,4.42e-09
1936800,1e-10
1940400,8.26e-09
1944000,3.88e-09
1947600,1e-10
1951200,8.2e-09
1954800,7.44e-09
1958400,1e-10
1962000,1e-10
1965600,3.99e-09
1969200,1.01e-07
1972800,1.72e-05
1976400,7.49e-05
1980000,0.000141696
1983600,0.000226001
1987200,0.0002579
1990800,0.000286807
1994400,0.000295409
1998000,0.000280994
2001600,0.000244034
2005200,0.000169234
2008800,8.05e-05
2012400,1.31e-05
2016000,1.88e-08
2019600,1e-10
2023200,1e-10
2026800,1e-10
