0,6.19e-06
3600,7.39e-06
7200,7.05e-06
10800,6.69e-06
14400,5.16e-06
18000,3.37e-06
21600,1.47e-06
25200,1.75e-07
28800,2.25e-10
32400,1e-10
36000,2.48e-10
39600,1.18e-10
43200,3.75e-12
46800,1e-10
50400,1e-10
54000,1.19e-10
57600,4.42e-12
61200,1e-10
64800,8.82e-11
68400,2.8e-10
72000,1.13e-07
75600,9.29e-07
79200,1.61e-06
82800,4.33e-06
86400,6.19e-06
90000,7.39e-06
93600,7.05e-06
97200,6.69e-06
100800,5.16e-06
104400,3.37e-06
108000,1.47e-06
111600,1.75e-07
115200,2.25e-10
118800,1e-10
122400,2.48e-10
126000,1.18e-10
129600,3.75e-12
133200,1e-10
136800,1e-10
140400,1.19e-10
144000,4.42e-12
147600,1e-10
151200,8.82e-11
154800,2.8e-10
158400,1.13e-07
162000,9.29e-07
165600,1.61e-06
169200,4.33e-06
172800,6.19e-06
176400,7.39e-06
180000,7.05e-06
183600,6.69e-06
187200,5.16e-06
190800,3.37e-06
194400,1.47e-06
198000,1.75e-07
201600,2.25e-10
205200,1e-10
208800,2.48e-10
212400,1.18e-10
216000,3.75e-12
219600,1e-10
223200,1e-10
226800,1.19e-10
230400,4.42e-12
234000,1e-10
237600,8.82e-11
241200,2.8e-10
244800,1.13e-07
248400,9.29e-07
252000,1.61e-06
255600,4.33e-06
259200,6.19e-06
262800,7.39e-06
266400,7.05e-06
270000,6.69e-06
273600,5.16e-06
277200,3.37e-06
280800,1.47e-06
284400,1.75e-07
288000,2.25e-10
291600,1e-10
295200,2.48e-10
298800,1.18e-10
302400,3.75e-12
306000,1e-10
309600,1e-10
313200,1.19e-10
316800,4.42e-12
320400,1e-10
324000,8.82e-11
327600,2.8e-10
331200,1.13e-07
334800,9.29e-07
338400,1.61e-06
342000,4.33e-06
345600,6.19e-06
349200,7.39e-06
352800,7.05e-06
356400,6.69e-06
360000,5.16e-06
363600,3.37e-06
367200,1.47e-06
370800,1.75e-07
374400,2.25e-10
378000,1e-10
381600,2.48e-10
385200,1.18e-10
388800,1.57e-10
392400,6.65e-11
396000,1.1e-10
399600,9.57e-11
403200,6.63e-11
406800,8.08e-12
410400,1.11e-10
414000,1.66e-10
417600,1.95e-07
421200,1.22e-06
424800,2.89e-06
428400,4.48e-06
432000,5.52e-06
435600,6.93e-06
439200,6.7e-06
442800,5.33e-06
446400,3.27e-06
450000,2.28e-06
453600,8.78e-07
457200,1.04e-07
460800,1.07e-10
464400,1.48e-10
468000,1.92e-10
471600,9.6e-11
475200,1.9e-10
478800,2.59e-10
482400,1.35e-10
486000,3.34e-10
489600,1e-10
493200,8.4e-11
496800,1.9e-11
500400,2.76e-10
504000,1.28e-07
507600,7.15e-07
511200,2.36e-06
514800,3.64e-06
518400,5.86e-06
522000,6.87e-06
525600,7.27e-06
529200,6.58e-06
532800,5.25e-06
536400,3.83e-06
540000,1.67e-06
543600,2.02e-07
547200,4.87e-10
550800,1e-10
554400,1.71e-10
558000,2.41e-10
561600,1.38e-10
565200,1.67e-10
568800,2.08e-10
572400,4.75e-11
576000,1.53e-10
579600,2.62e-11
583200,1.52e-10
586800,4.19e-10
590400,2.87e-07
594000,1.48e-06
597600,3.51e-06
601200,4.86e-06
604800,7.06e-06
608400,8.22e-06
612000,8.04e-06
615600,6.79e-06
619200,5.94e-06
622800,3.68e-06
626400,1.8e-06
630000,2.08e-07
633600,1.79e-10
637200,1e-10
640800,1e-10
644400,1.8e-10
648000,1.18e-10
651600,5.7e-11
655200,8.82e-11
658800,2.02e-10
662400,4.6e-11
666000,1.28e-10
669600,3.39e-11
673200,4.7e-10
676800,2.54e-07
680400,1.32e-06
684000,2.62e-06
687600,3.43e-06
691200,4.74e-06
694800,5.34e-06
698400,5.78e-06
702000,5.08e-06
705600,4.47e-06
709200,2.18e-06
712800,1.15e-06
716400,1.28e-07
720000,2.36e-10
723600,2.08e-10
727200,1e-10
730800,1.68e-10
734400,1.93e-10
738000,4.76e-11
741600,1e-10
745200,1.22e-10
748800,1.13e-10
752400,3.47e-11
756000,2.85e-10
759600,2.53e-10
763200,8.97e-08
766800,6.01e-07
770400,1.14e-06
774000,2.18e-06
777600,3.31e-06
781200,4.53e-06
784800,5.84e-06
788400,2.22e-06
792000,1.84e-06
795600,1.28e-06
799200,4.5e-07
802800,7.88e-08
806400,3.78e-10
810000,9.66e-11
813600,4.45e-11
817200,1.56e-10
820800,2.11e-10
824400,1.25e-10
828000,1.44e-10
831600,2.36e-10
835200,1.43e-10
838800,4.2e-11
842400,1e-10
846000,4.84e-10
849600,1.78e-07
853200,1.2e-06
856800,3.99e-06
860400,6.11e-06
864000,7.54e-06
867600,8.26e-06
871200,8.1e-06
874800,7.47e-06
878400,6.27e-06
882000,3.75e-06
885600,1.49e-06
889200,1.98e-07
892800,5.97e-10
896400,5.29e-11
9e+05,1.3e-10
903600,1.29e-10
907200,1.8e-10
910800,1e-10
914400,1.04e-10
918000,2.94e-10
921600,2.53e-10
925200,1.48e-10
928800,9.53e-11
932400,8.81e-10
936000,2.45e-07
939600,1.57e-06
943200,3.72e-06
946800,5.75e-06
950400,7.23e-06
954000,8e-06
957600,8.11e-06
961200,6.84e-06
964800,6.12e-06
968400,3.46e-06
972000,1.61e-06
975600,2.22e-07
979200,7.44e-10
982800,9.53e-12
986400,3.07153846153846e-11
990000,1.07746153846154e-10
993600,1.10110714285714e-10
997200,5.36864285714286e-11
1000800,7.98214285714286e-11
1004400,1.27428571428571e-10
1008000,4.80942857142857e-11
1011600,4.53628571428571e-11
1015200,6.82192857142857e-11
1018800,6.37928571428571e-10
1022400,1.87621428571429e-07
1026000,1.08692857142857e-06
1029600,2.44e-06
1033200,4.30571428571429e-06
1036800,5.82857142857143e-06
1040400,6.77e-06
1044000,6.88571428571429e-06
1047600,5.98214285714286e-06
1051200,4.78857142857143e-06
1054800,2.81857142857143e-06
1058400,1.18464285714286e-06
1062000,1.59985714285714e-07
1065600,3.045e-10
1069200,3.50964285714286e-11
1072800,3.07153846153846e-11
1076400,1.07746153846154e-10
1080000,1.10110714285714e-10
1083600,5.36864285714286e-11
1087200,7.98214285714286e-11
1090800,1.27428571428571e-10
1094400,4.80942857142857e-11
1098000,4.53628571428571e-11
1101600,6.82192857142857e-11
1105200,6.37928571428571e-10
1108800,1.87621428571429e-07
1112400,1.08692857142857e-06
1116000,2.44e-06
1119600,4.30571428571429e-06
1123200,5.82857142857143e-06
1126800,6.77e-06
1130400,6.88571428571429e-06
1134000,5.98214285714286e-06
1137600,4.78857142857143e-06
1141200,2.81857142857143e-06
1144800,1.18464285714286e-06
1148400,1.59985714285714e-07
1152000,3.045e-10
1155600,3.50964285714286e-11
1159200,3.07153846153846e-11
1162800,1.07746153846154e-10
1166400,1.10110714285714e-10
1170000,5.36864285714286e-11
1173600,7.98214285714286e-11
1177200,1.27428571428571e-10
1180800,4.80942857142857e-11
1184400,4.53628571428571e-11
1188000,6.82192857142857e-11
1191600,6.37928571428571e-10
1195200,1.87621428571429e-07
1198800,1.08692857142857e-06
1202400,2.44e-06
1206000,4.30571428571429e-06
1209600,5.82857142857143e-06
1213200,6.77e-06
1216800,6.88571428571429e-06
1220400,5.98214285714286e-06
1224000,4.78857142857143e-06
1227600,2.81857142857143e-06
1231200,1.18464285714286e-06
1234800,1.59985714285714e-07
1238400,3.045e-10
1242000,3.50964285714286e-11
1245600,3.07153846153846e-11
1249200,1.07746153846154e-10
1252800,1.10110714285714e-10
1256400,5.36864285714286e-11
1260000,7.98214285714286e-11
1263600,1.27428571428571e-10
1267200,4.80942857142857e-11
1270800,4.53628571428571e-11
1274400,6.82192857142857e-11
1278000,6.37928571428571e-10
1281600,1.87621428571429e-07
1285200,1.08692857142857e-06
1288800,2.44e-06
1292400,4.30571428571429e-06
1296000,5.82857142857143e-06
1299600,6.77e-06
1303200,6.88571428571429e-06
1306800,5.98214285714286e-06
1310400,4.78857142857143e-06
1314000,2.81857142857143e-06
1317600,1.18464285714286e-06
1321200,1.59985714285714e-07
1324800,3.045e-10
1328400,3.50964285714286e-11
1332000,3.07153846153846e-11
1335600,1.07746153846154e-10
1339200,1.10110714285714e-10
1342800,5.36864285714286e-11
1346400,7.98214285714286e-11
1350000,1.27428571428571e-10
1353600,4.80942857142857e-11
1357200,4.53628571428571e-11
1360800,6.82192857142857e-11
1364400,6.37928571428571e-10
1368000,1.87621428571429e-07
1371600,1.08692857142857e-06
1375200,2.44e-06
1378800,4.30571428571429e-06
1382400,5.82857142857143e-06
1386000,6.77e-06
1389600,6.88571428571429e-06
1393200,5.98214285714286e-06
1396800,4.78857142857143e-06
1400400,2.81857142857143e-06
1404000,1.18464285714286e-06
1407600,1.59985714285714e-07
1411200,3.045e-10
1414800,3.50964285714286e-11
1418400,3.07153846153846e-11
1422000,1.07746153846154e-10
1425600,1.10110714285714e-10
1429200,5.36864285714286e-11
1432800,7.98214285714286e-11
1436400,1.27428571428571e-10
1440000,4.80942857142857e-11
1443600,4.53628571428571e-11
1447200,6.82192857142857e-11
1450800,6.37928571428571e-10
1454400,1.87621428571429e-07
1458000,1.08692857142857e-06
1461600,2.44e-06
1465200,4.30571428571429e-06
1468800,5.82857142857143e-06
1472400,6.77e-06
1476000,6.88571428571429e-06
1479600,5.98214285714286e-06
1483200,4.78857142857143e-06
1486800,2.81857142857143e-06
1490400,1.18464285714286e-06
1494000,1.59985714285714e-07
1497600,3.045e-10
1501200,3.50964285714286e-11
1504800,3.07153846153846e-11
1508400,1.07746153846154e-10
1512000,1e-10
1515600,1e-10
1519200,1e-10
1522800,1e-10
1526400,1.24e-11
1530000,1e-10
1533600,1e-10
1537200,4.48e-10
1540800,1.81e-07
1544400,9.87e-07
1548000,1.12e-06
1551600,2.53e-06
1555200,4.61e-06
1558800,6.37e-06
1562400,6.09e-06
1566000,4.98e-06
1569600,2.88e-06
1573200,1.38e-06
1576800,6.86e-07
1580400,1.09e-07
1584000,1e-10
1587600,1e-10
1591200,1e-10
1594800,1.85e-11
1598400,1.12e-10
1602000,1e-10
1605600,1.66e-10
1609200,2.16e-11
1612800,7e-11
1616400,1.12e-10
1620000,4.5e-11
1623600,5.6e-10
1627200,1.12e-07
1630800,5.94e-07
1634400,1.25e-06
1638000,4.31e-06
1641600,6.01e-06
1645200,5.16e-06
1648800,6.94e-06
1652400,6.05e-06
1656000,4.65e-06
1659600,2.21e-06
1663200,7.11e-07
1666800,9e-08
1670400,1.7e-10
1674000,1.18e-10
1677600,1e-10
1681200,1.56e-11
1684800,7.12e-11
1688400,1e-10
1692000,1.94e-10
1695600,1.51e-10
1699200,1e-10
1702800,2.74e-11
1706400,1e-10
1710000,3.54e-10
1713600,1.07e-07
1717200,8.49e-07
1720800,2.01e-06
1724400,4.17e-06
1728000,4.74e-06
1731600,6.15e-06
1735200,4.22e-06
1738800,5.71e-06
1742400,5.07e-06
1746000,3.13e-06
1749600,1.02e-06
1753200,1.63e-07
1756800,2.5e-10
1760400,1.38e-10
1764000,5.98e-11
1767600,8.08e-11
1771200,2.5e-11
1774800,6.49e-11
1778400,6.57e-11
1782000,1e-10
1785600,5.99e-11
1789200,8.99e-11
1792800,1e-10
1796400,1.31e-09
1800000,2.39e-07
1803600,1.41e-06
1807200,2.7e-06
1810800,4.63e-06
1814400,6.19e-06
1818000,6.97e-06
1821600,7.08e-06
1825200,6.42e-06
1828800,5.22e-06
1832400,2.52e-06
1836000,1.04e-06
1839600,1.68e-07
1843200,1.22e-10
1846800,2.08e-11
1850400,1.09e-10
1854000,1.05e-10
1857600,1.1e-10
1861200,1.54e-10
1864800,3.19e-11
1868400,1.6e-10
1872000,1e-10
1875600,1.79e-10
1879200,1.31e-10
1882800,1.15e-09
1886400,1.86e-07
1890000,9.02e-07
1893600,2.37e-06
1897200,4.68e-06
1900800,6.1e-06
1904400,6.89e-06
1908000,7.05e-06
1911600,5.93e-06
1915200,4.52e-06
1918800,2.27e-06
1922400,8.2e-07
1926000,1.19e-07
1929600,5e-10
1933200,1.09e-10
1936800,1e-10
1940400,1.89e-10
1944000,9.39e-11
1947600,1e-10
1951200,1.87e-10
1954800,1.69e-10
1958400,1e-10
1962000,1e-10
1965600,9.7e-11
1969200,1.88e-09
1972800,3.12e-07
1976400,1.44e-06
1980000,2.87e-06
1983600,5.18e-06
1987200,6.5e-06
1990800,7.7e-06
1994400,8.13e-06
1998000,7.66e-06
2001600,6.38e-06
2005200,4.12e-06
2008800,1.79e-06
2012400,2.75e-07
2016000,3.82e-10
2019600,1e-10
2023200,1e-10
2026800,1e-10
