0,0.130155428
3600,0.146129676
7200,0.135521041
10800,0.135098486
14400,0.114458876
18000,0.091507926
21600,0.055815448
25200,0.007785286
28800,4.01e-06
32400,1e-10
36000,3.19e-06
39600,1.5e-06
43200,1e-10
46800,1e-10
50400,1e-10
54000,1.38e-06
57600,1e-10
61200,1e-10
64800,9.33e-07
68400,7.81e-06
72000,0.004632588
75600,0.030388636
79200,0.045530998
82800,0.107041523
86400,0.130155428
90000,0.146129676
93600,0.135521041
97200,0.135098486
100800,0.114458876
104400,0.091507926
108000,0.055815448
111600,0.007785286
115200,4.01e-06
118800,1e-10
122400,3.19e-06
126000,1.5e-06
129600,1e-10
133200,1e-10
136800,1e-10
140400,1.38e-06
144000,1e-10
147600,1e-10
151200,9.33e-07
154800,7.81e-06
158400,0.004632588
162000,0.030388636
165600,0.045530998
169200,0.107041523
172800,0.130155428
176400,0.146129676
180000,0.135521041
183600,0.135098486
187200,0.114458876
190800,0.091507926
194400,0.055815448
198000,0.007785286
201600,4.01e-06
205200,1e-10
208800,3.19e-06
212400,1.5e-06
216000,1e-10
219600,1e-10
223200,1e-10
226800,1.38e-06
230400,1e-10
234000,1e-10
237600,9.33e-07
241200,7.81e-06
244800,0.004632588
248400,0.030388636
252000,0.045530998
255600,0.107041523
259200,0.130155428
262800,0.146129676
266400,0.135521041
270000,0.135098486
273600,0.114458876
277200,0.091507926
280800,0.055815448
284400,0.007785286
288000,4.01e-06
291600,1e-10
295200,3.19e-06
298800,1.5e-06
302400,1e-10
306000,1e-10
309600,1e-10
313200,1.38e-06
316800,1e-10
320400,1e-10
324000,9.33e-07
327600,7.81e-06
331200,0.004632588
334800,0.030388636
338400,0.045530998
342000,0.107041523
345600,0.130155428
349200,0.146129676
352800,0.135521041
356400,0.135098486
360000,0.114458876
363600,0.091507926
367200,0.055815448
370800,0.007785286
374400,4.01e-06
378000,1e-10
381600,3.19e-06
385200,1.5e-06
388800,2.02e-06
392400,7.9e-07
396000,1.21e-06
399600,1.14e-06
403200,6.33e-07
406800,1e-10
410400,1.32e-06
414000,1.01e-05
417600,0.00753308
421200,0.048392447
424800,0.096531231
428400,0.116874237
432000,0.119302063
435600,0.141341775
439200,0.136489567
442800,0.112511558
446400,0.069047968
450000,0.055855069
453600,0.025582789
457200,0.003350122
460800,1.53e-06
464400,1.26e-06
468000,2.43e-06
471600,1.16e-06
475200,2.38e-06
478800,3.36e-06
482400,1.71e-06
486000,4.34e-06
489600,1e-10
493200,8.66e-07
496800,1.35e-08
500400,6.86e-06
504000,0.004272947
507600,0.0213339
511200,0.071056973
514800,0.085052166
518400,0.120741535
522000,0.134606022
525600,0.144802097
529200,0.13659169
532800,0.117059829
536400,0.105406663
540000,0.06464803
543600,0.009253966
547200,6.89e-06
550800,1e-10
554400,2.16e-06
558000,3.19e-06
561600,1.74e-06
565200,2.14e-06
568800,2.75e-06
572400,5.45e-07
576000,1.86e-06
579600,1.53e-07
583200,1.8e-06
586800,2.29e-05
590400,0.014904817
594000,0.056548389
597600,0.109214454
601200,0.110977381
604800,0.145223559
608400,0.154873811
612000,0.151216824
615600,0.125481152
619200,0.123590825
622800,0.08977296
626400,0.062582015
630000,0.007742321
633600,2.69e-06
637200,1e-10
640800,1e-10
644400,2.23e-06
648000,1.46e-06
651600,6.72e-07
655200,1.06e-06
658800,2.63e-06
662400,4.99e-07
666000,1.66e-06
669600,3.19e-07
673200,1.48e-05
676800,0.010026968
680400,0.045993444
684000,0.073628244
687600,0.074604381
691200,0.092620322
694800,0.098637899
698400,0.105544273
702000,0.097518501
705600,0.09038925
709200,0.046987342
712800,0.031769202
716400,0.003630391
720000,2.48e-06
723600,2.33e-06
727200,1e-10
730800,2.11e-06
734400,2.44e-06
738000,3.56e-07
741600,1e-10
745200,1.43e-06
748800,1.4e-06
752400,3.76e-07
756000,3.7e-06
759600,5.12e-06
763200,0.002815476
766800,0.017715471
770400,0.028498327
774000,0.046734926
777600,0.06429932
781200,0.085519462
784800,0.109657426
788400,0.040705032
792000,0.035345994
795600,0.026616747
799200,0.01078292
802800,0.002333974
806400,3.82e-06
810000,9.21e-07
813600,4.06e-07
817200,1.9e-06
820800,2.76e-06
824400,1.56e-06
828000,1.78e-06
831600,3.11e-06
835200,1.72e-06
838800,3.4e-07
842400,1e-10
846000,1.09e-05
849600,0.005619987
853200,0.038313244
856800,0.122437275
860400,0.144841703
864000,0.152600612
867600,0.153884493
871200,0.149992102
874800,0.14290848
878400,0.133427102
882000,0.089652996
885600,0.045418488
889200,0.007640374
892800,7.24e-06
896400,4.72e-07
9e+05,1.7e-06
903600,1.64e-06
907200,2.4e-06
910800,1e-10
914400,1.25e-06
918000,3.91e-06
921600,3.28e-06
925200,1.74e-06
928800,1.1e-06
932400,3.29e-05
936000,0.0114491
939600,0.05827679
943200,0.11185289
946800,0.134260764
950400,0.14527097
954000,0.150056082
957600,0.150337045
961200,0.127652713
964800,0.131179832
968400,0.084399516
972000,0.056838759
975600,0.009655241
979200,8.61e-06
982800,1.69e-07
986400,3.00769230769231e-07
990000,1.32961538461538e-06
993600,1.36778571428571e-06
997200,5.94785714285714e-07
1000800,9.57357142857143e-07
1004400,1.59778571428571e-06
1008000,4.73585714285714e-07
1011600,4.58142857142857e-07
1015200,7.3275e-07
1018800,2.63921428571429e-05
1022400,0.00756466778571429
1026000,0.0384030617857143
1029600,0.0737456019285714
1033200,0.106803183571429
1036800,0.123752031071429
1040400,0.133308840571429
1044000,0.133590697928571
1047600,0.1191303765
1051200,0.1036134195
1054800,0.0700694862857143
1058400,0.038533982
1062000,0.0061584115
1065600,5.26e-06
1069200,2.44428571428571e-07
1072800,3.00769230769231e-07
1076400,1.32961538461538e-06
1080000,1.36778571428571e-06
1083600,5.94785714285714e-07
1087200,9.57357142857143e-07
1090800,1.59778571428571e-06
1094400,4.73585714285714e-07
1098000,4.58142857142857e-07
1101600,7.3275e-07
1105200,2.63921428571429e-05
1108800,0.00756466778571429
1112400,0.0384030617857143
1116000,0.0737456019285714
1119600,0.106803183571429
1123200,0.123752031071429
1126800,0.133308840571429
1130400,0.133590697928571
1134000,0.1191303765
1137600,0.1036134195
1141200,0.0700694862857143
1144800,0.038533982
1148400,0.0061584115
1152000,5.26e-06
1155600,2.44428571428571e-07
1159200,3.00769230769231e-07
1162800,1.32961538461538e-06
1166400,1.36778571428571e-06
1170000,5.94785714285714e-07
1173600,9.57357142857143e-07
1177200,1.59778571428571e-06
1180800,4.73585714285714e-07
1184400,4.58142857142857e-07
1188000,7.3275e-07
1191600,2.63921428571429e-05
1195200,0.00756466778571429
1198800,0.0384030617857143
1202400,0.0737456019285714
1206000,0.106803183571429
1209600,0.123752031071429
1213200,0.133308840571429
1216800,0.133590697928571
1220400,0.1191303765
1224000,0.1036134195
1227600,0.0700694862857143
1231200,0.038533982
1234800,0.0061584115
1238400,5.26e-06
1242000,2.44428571428571e-07
1245600,3.00769230769231e-07
1249200,1.32961538461538e-06
1252800,1.36778571428571e-06
1256400,5.94785714285714e-07
1260000,9.57357142857143e-07
1263600,1.59778571428571e-06
1267200,4.73585714285714e-07
1270800,4.58142857142857e-07
1274400,7.3275e-07
1278000,2.63921428571429e-05
1281600,0.00756466778571429
1285200,0.0384030617857143
1288800,0.0737456019285714
1292400,0.106803183571429
1296000,0.123752031071429
1299600,0.133308840571429
1303200,0.133590697928571
1306800,0.1191303765
1310400,0.1036134195
1314000,0.0700694862857143
1317600,0.038533982
1321200,0.0061584115
1324800,5.26e-06
1328400,2.44428571428571e-07
1332000,3.00769230769231e-07
1335600,1.32961538461538e-06
1339200,1.36778571428571e-06
1342800,5.94785714285714e-07
1346400,9.57357142857143e-07
1350000,1.59778571428571e-06
1353600,4.73585714285714e-07
1357200,4.58142857142857e-07
1360800,7.3275e-07
1364400,2.63921428571429e-05
1368000,0.00756466778571429
1371600,0.0384030617857143
1375200,0.0737456019285714
1378800,0.106803183571429
1382400,0.123752031071429
1386000,0.133308840571429
1389600,0.133590697928571
1393200,0.1191303765
1396800,0.1036134195
1400400,0.0700694862857143
1404000,0.038533982
1407600,0.0061584115
1411200,5.26e-06
1414800,2.44428571428571e-07
1418400,3.00769230769231e-07
1422000,1.32961538461538e-06
1425600,1.36778571428571e-06
1429200,5.94785714285714e-07
1432800,9.57357142857143e-07
1436400,1.59778571428571e-06
1440000,4.73585714285714e-07
1443600,4.58142857142857e-07
1447200,7.3275e-07
1450800,2.63921428571429e-05
1454400,0.00756466778571429
1458000,0.0384030617857143
1461600,0.0737456019285714
1465200,0.106803183571429
1468800,0.123752031071429
1472400,0.133308840571429
1476000,0.133590697928571
1479600,0.1191303765
1483200,0.1036134195
1486800,0.0700694862857143
1490400,0.038533982
1494000,0.0061584115
1497600,5.26e-06
1501200,2.44428571428571e-07
1504800,3.00769230769231e-07
1508400,1.32961538461538e-06
1512000,1e-10
1515600,1e-10
1519200,1e-10
1522800,1e-10
1526400,1e-10
1530000,1e-10
1533600,1e-10
1537200,2.16e-05
1540800,0.006582991
1544400,0.03949037
1548000,0.035691942
1551600,0.070543226
1555200,0.102116687
1558800,0.133578327
1562400,0.125640811
1566000,0.102870128
1569600,0.061900856
1573200,0.03144433
1576800,0.020001455
1580400,0.003552222
1584000,1.18e-06
1587600,1e-10
1591200,1e-10
1594800,1.21e-07
1598400,1.49e-06
1602000,1e-10
1605600,2.16e-06
1609200,1.47e-07
1612800,9.26e-07
1616400,1.49e-06
1620000,5.59e-07
1623600,2.38e-05
1627200,0.005169324
1630800,0.020039274
1634400,0.033543911
1638000,0.113110739
1641600,0.138529721
1645200,0.106339926
1648800,0.140259781
1652400,0.125309338
1656000,0.104331522
1659600,0.052812398
1663200,0.019067424
1666800,0.003101496
1670400,4.11e-06
1674000,1.44e-06
1677600,1e-10
1681200,1.6e-07
1684800,9.18e-07
1688400,1e-10
1692000,2.68e-06
1695600,1.96e-06
1699200,1e-10
1702800,3.4e-07
1706400,1e-10
1710000,1.17e-05
1713600,0.003337611
1717200,0.025782234
1720800,0.062731159
1724400,0.115283473
1728000,0.10649834
1731600,0.131532492
1735200,0.085403131
1738800,0.121916038
1742400,0.118380905
1746000,0.086257348
1749600,0.033370803
1753200,0.006443393
1756800,6.58e-06
1760400,1.84e-06
1764000,7.24e-07
1767600,9.94e-07
1771200,2.07e-07
1774800,8.23e-07
1778400,8.78e-07
1782000,1e-10
1785600,6.34e-07
1789200,1.12e-06
1792800,1e-10
1796400,5.99e-05
1800000,0.010723111
1803600,0.057981267
1807200,0.090228225
1810800,0.124484238
1814400,0.141659447
1818000,0.142598843
1821600,0.143526429
1825200,0.132368688
1828800,0.119621344
1832400,0.063759933
1836000,0.032706275
1839600,0.005560049
1843200,3.67e-06
1846800,1.59e-07
1850400,1.42e-06
1854000,1.32e-06
1857600,1.4e-06
1861200,1.99e-06
1864800,3.14e-07
1868400,2.14e-06
1872000,1e-10
1875600,2.37e-06
1879200,1.59e-06
1882800,4.16e-05
1886400,0.006135998
1890000,0.026720444
1893600,0.069337331
1897200,0.122277627
1900800,0.135883402
1904400,0.138760075
1908000,0.140785695
1911600,0.122292751
1915200,0.098327798
1918800,0.054171362
1922400,0.021591344
1926000,0.003501575
1929600,8.83e-06
1933200,1.17e-06
1936800,1e-10
1940400,2.47e-06
1944000,1.14e-06
1947600,1e-10
1951200,2.47e-06
1954800,2.24e-06
1958400,1e-10
1962000,1e-10
1965600,1.03e-06
1969200,9.95e-05
1972800,0.012701351
1976400,0.050666955
1980000,0.082155467
1983600,0.129158186
1987200,0.137627029
1990800,0.148464885
1994400,0.151093549
1998000,0.144600716
2001600,0.133525772
2005200,0.102328218
2008800,0.059300796
2012400,0.012667351
2016000,1.2e-05
2019600,1e-10
2023200,1e-10
2026800,1e-10
