0,0.00203779
3600,0.002292508
7200,0.002148973
10800,0.002116388
14400,0.001752584
18000,0.001314898
21600,0.000697557
25200,9.61e-05
28800,6.13e-08
32400,1e-10
36000,6.98e-08
39600,3.31e-08
43200,1e-10
46800,1e-10
50400,1e-10
54000,3.03e-08
57600,1e-10
61200,1e-10
64800,2.13e-08
68400,1.33e-07
72000,6.61e-05
75600,0.000470086
79200,0.000696122
82800,0.001620128
86400,0.00203779
90000,0.002292508
93600,0.002148973
97200,0.002116388
100800,0.001752584
104400,0.001314898
108000,0.000697557
111600,9.61e-05
115200,6.13e-08
118800,1e-10
122400,6.98e-08
126000,3.31e-08
129600,1e-10
133200,1e-10
136800,1e-10
140400,3.03e-08
144000,1e-10
147600,1e-10
151200,2.13e-08
154800,1.33e-07
158400,6.61e-05
162000,0.000470086
165600,0.000696122
169200,0.001620128
172800,0.00203779
176400,0.002292508
180000,0.002148973
183600,0.002116388
187200,0.001752584
190800,0.001314898
194400,0.000697557
198000,9.61e-05
201600,6.13e-08
205200,1e-10
208800,6.98e-08
212400,3.31e-08
216000,1e-10
219600,1e-10
223200,1e-10
226800,3.03e-08
230400,1e-10
234000,1e-10
237600,2.13e-08
241200,1.33e-07
244800,6.61e-05
248400,0.000470086
252000,0.000696122
255600,0.001620128
259200,0.00203779
262800,0.002292508
266400,0.002148973
270000,0.002116388
273600,0.001752584
277200,0.001314898
280800,0.000697557
284400,9.61e-05
288000,6.13e-08
291600,1e-10
295200,6.98e-08
298800,3.31e-08
302400,1e-10
306000,1e-10
309600,1e-10
313200,3.03e-08
316800,1e-10
320400,1e-10
324000,2.13e-08
327600,1.33e-07
331200,6.61e-05
334800,0.000470086
338400,0.000696122
342000,0.001620128
345600,0.00203779
349200,0.002292508
352800,0.002148973
356400,0.002116388
360000,0.001752584
363600,0.001314898
367200,0.000697557
370800,9.61e-05
374400,6.13e-08
378000,1e-10
381600,6.98e-08
385200,3.31e-08
388800,4.43e-08
392400,1.75e-08
396000,2.72e-08
399600,2.52e-08
403200,1.53e-08
406800,1e-10
410400,3.03e-08
414000,1.38e-07
417600,0.000115809
421200,0.000655828
424800,0.00133397
428400,0.001720927
432000,0.001846197
435600,0.002190072
439200,0.002108421
442800,0.001729345
446400,0.001089398
450000,0.000845397
453600,0.000375816
457200,5.42e-05
460800,2.82e-08
464400,2.9e-08
468000,5.39e-08
471600,2.59e-08
475200,5.24e-08
478800,7.33e-08
482400,3.7e-08
486000,9.49e-08
489600,1e-10
493200,2e-08
496800,2.31e-09
500400,1.44e-07
504000,7.35e-05
507600,0.000348549
511200,0.001045706
514800,0.001329537
518400,0.001914438
522000,0.002127303
525600,0.002258512
529200,0.002108518
532800,0.00179031
536400,0.001499448
540000,0.000792345
543600,0.000110288
547200,1.2e-07
550800,1e-10
554400,4.72e-08
558000,6.93e-08
561600,3.75e-08
565200,4.62e-08
568800,5.93e-08
572400,1.19e-08
576000,4.13e-08
579600,4.88e-09
583200,4.06e-08
586800,2.71e-07
590400,0.000168799
594000,0.000787512
597600,0.001584624
601200,0.001760514
604800,0.002302342
608400,0.002497246
612000,0.002430836
615600,0.002067012
619200,0.001966767
622800,0.001378697
626400,0.00083514
630000,0.000114753
633600,5.75e-08
637200,1e-10
640800,1e-10
644400,4.91e-08
648000,3.21e-08
651600,1.52e-08
655200,2.34e-08
658800,5.71e-08
662400,1.1e-08
666000,3.59e-08
669600,7.03e-09
673200,2.62e-07
676800,0.000150972
680400,0.000680383
684000,0.001130096
687600,0.001207802
691200,0.001505981
694800,0.001609523
698400,0.001720798
702000,0.001571705
705600,0.001451439
709200,0.000760354
712800,0.000489307
716400,6.57e-05
720000,5.73e-08
723600,5.11e-08
727200,1e-10
730800,4.62e-08
734400,5.35e-08
738000,8.84e-09
741600,1e-10
745200,3.23e-08
748800,3.11e-08
752400,8.02e-09
756000,8.04e-08
759600,1.19e-07
763200,4.88e-05
766800,0.000287741
770400,0.000464654
774000,0.000762547
777600,0.001052981
781200,0.001386663
784800,0.001770795
788400,0.000676681
792000,0.000585765
795600,0.00043903
799200,0.00017815
802800,3.97e-05
806400,8.48e-08
810000,2.08e-08
813600,9.88e-09
817200,4.19e-08
820800,6.02e-08
824400,3.43e-08
828000,3.94e-08
831600,6.75e-08
835200,3.87e-08
838800,9.34e-09
842400,1e-10
846000,2.42e-07
849600,9.93e-05
853200,0.000598415
856800,0.001806868
860400,0.002268528
864000,0.002456216
867600,0.002513202
871200,0.002449056
874800,0.00232958
878400,0.002122508
882000,0.001409565
885600,0.000669703
889200,0.000109347
892800,1.4e-07
896400,1.04e-08
9e+05,3.68e-08
903600,3.56e-08
907200,5.22e-08
910800,1e-10
914400,2.79e-08
918000,8.42e-08
921600,7.15e-08
925200,3.91e-08
928800,2.58e-08
932400,5.32e-07
936000,0.000142852
939600,0.000835877
943200,0.001671243
946800,0.002118638
950400,0.002346798
954000,0.002438938
957600,0.002446706
961200,0.002101187
964800,0.002067696
968400,0.001296523
972000,0.000748786
975600,0.000124853
979200,1.7e-07
982800,3.59e-09
986400,6.76846153846154e-09
990000,2.89669230769231e-08
993600,2.98214285714286e-08
997200,1.31014285714286e-08
1000800,2.0915e-08
1004400,3.47478571428571e-08
1008000,1.09067857142857e-08
1011600,1.05497142857143e-08
1015200,1.67707142857143e-08
1018800,3.905e-07
1022400,0.000108384071428571
1026000,0.000558565928571429
1029600,0.00109790157142857
1033200,0.00163410864285714
1036800,0.00194519185714286
1040400,0.00211065678571429
1044000,0.00211494885714286
1047600,0.00188078471428571
1051200,0.00160822585714286
1054800,0.00105531885714286
1058400,0.000531423714285714
1062000,8.58711428571429e-05
1065600,9.69071428571429e-08
1069200,5.81214285714286e-09
1072800,6.76846153846154e-09
1076400,2.89669230769231e-08
1080000,2.98214285714286e-08
1083600,1.31014285714286e-08
1087200,2.0915e-08
1090800,3.47478571428571e-08
1094400,1.09067857142857e-08
1098000,1.05497142857143e-08
1101600,1.67707142857143e-08
1105200,3.905e-07
1108800,0.000108384071428571
1112400,0.000558565928571429
1116000,0.00109790157142857
1119600,0.00163410864285714
1123200,0.00194519185714286
1126800,0.00211065678571429
1130400,0.00211494885714286
1134000,0.00188078471428571
1137600,0.00160822585714286
1141200,0.00105531885714286
1144800,0.000531423714285714
1148400,8.58711428571429e-05
1152000,9.69071428571429e-08
1155600,5.81214285714286e-09
1159200,6.76846153846154e-09
1162800,2.89669230769231e-08
1166400,2.98214285714286e-08
1170000,1.31014285714286e-08
1173600,2.0915e-08
1177200,3.47478571428571e-08
1180800,1.09067857142857e-08
1184400,1.05497142857143e-08
1188000,1.67707142857143e-08
1191600,3.905e-07
1195200,0.000108384071428571
1198800,0.000558565928571429
1202400,0.00109790157142857
1206000,0.00163410864285714
1209600,0.00194519185714286
1213200,0.00211065678571429
1216800,0.00211494885714286
1220400,0.00188078471428571
1224000,0.00160822585714286
1227600,0.00105531885714286
1231200,0.000531423714285714
1234800,8.58711428571429e-05
1238400,9.69071428571429e-08
1242000,5.81214285714286e-09
1245600,6.76846153846154e-09
1249200,2.89669230769231e-08
1252800,2.98214285714286e-08
1256400,1.31014285714286e-08
1260000,2.0915e-08
1263600,3.47478571428571e-08
1267200,1.09067857142857e-08
1270800,1.05497142857143e-08
1274400,1.67707142857143e-08
1278000,3.905e-07
1281600,0.000108384071428571
1285200,0.000558565928571429
1288800,0.00109790157142857
1292400,0.00163410864285714
1296000,0.00194519185714286
1299600,0.00211065678571429
1303200,0.00211494885714286
1306800,0.00188078471428571
1310400,0.00160822585714286
1314000,0.00105531885714286
1317600,0.000531423714285714
1321200,8.58711428571429e-05
1324800,9.69071428571429e-08
1328400,5.81214285714286e-09
1332000,6.76846153846154e-09
1335600,2.89669230769231e-08
1339200,2.98214285714286e-08
1342800,1.31014285714286e-08
1346400,2.0915e-08
1350000,3.47478571428571e-08
1353600,1.09067857142857e-08
1357200,1.05497142857143e-08
1360800,1.67707142857143e-08
1364400,3.905e-07
1368000,0.000108384071428571
1371600,0.000558565928571429
1375200,0.00109790157142857
1378800,0.00163410864285714
1382400,0.00194519185714286
1386000,0.00211065678571429
1389600,0.00211494885714286
1393200,0.00188078471428571
1396800,0.00160822585714286
1400400,0.00105531885714286
1404000,0.000531423714285714
1407600,8.58711428571429e-05
1411200,9.69071428571429e-08
1414800,5.81214285714286e-09
1418400,6.76846153846154e-09
1422000,2.89669230769231e-08
1425600,2.98214285714286e-08
1429200,1.31014285714286e-08
1432800,2.0915e-08
1436400,3.47478571428571e-08
1440000,1.09067857142857e-08
1443600,1.05497142857143e-08
1447200,1.67707142857143e-08
1450800,3.905e-07
1454400,0.000108384071428571
1458000,0.000558565928571429
1461600,0.00109790157142857
1465200,0.00163410864285714
1468800,0.00194519185714286
1472400,0.00211065678571429
1476000,0.00211494885714286
1479600,0.00188078471428571
1483200,0.00160822585714286
1486800,0.00105531885714286
1490400,0.000531423714285714
1494000,8.58711428571429e-05
1497600,9.69071428571429e-08
1501200,5.81214285714286e-09
1504800,6.76846153846154e-09
1508400,2.89669230769231e-08
1512000,1e-10
1515600,1e-10
1519200,1e-10
1522800,1e-10
1526400,5.45e-10
1530000,1e-10
1533600,1e-10
1537200,3.48e-07
1540800,0.000105025
1544400,0.00052503
1548000,0.000523815
1551600,0.001028248
1555200,0.001585665
1558800,0.002062808
1562400,0.001935265
1566000,0.001597114
1569600,0.000961635
1573200,0.000492998
1576800,0.000298509
1580400,5.6e-05
1584000,2.21e-08
1587600,1e-10
1591200,1e-10
1594800,2.24e-09
1598400,3.19e-08
1602000,1e-10
1605600,4.62e-08
1609200,3.37e-09
1612800,1.95e-08
1616400,3.14e-08
1620000,1.15e-08
1623600,4.37e-07
1627200,6.63e-05
1630800,0.000297686
1634400,0.000541647
1638000,0.001704209
1641600,0.002118089
1645200,0.001669549
1648800,0.002186763
1652400,0.001938983
1656000,0.001584004
1659600,0.000813058
1663200,0.000293371
1666800,4.78e-05
1670400,7.91e-08
1674000,3.08e-08
1677600,1e-10
1681200,3.23e-09
1684800,1.94e-08
1688400,1e-10
1692000,5.71e-08
1695600,4.19e-08
1699200,1e-10
1702800,6.83e-09
1706400,1e-10
1710000,1.98e-07
1713600,5.91e-05
1717200,0.000415655
1720800,0.000929741
1724400,0.00169096
1728000,0.001645975
1731600,0.002012706
1735200,0.001335724
1738800,0.001856214
1742400,0.001761354
1746000,0.001221264
1749600,0.000459258
1753200,8.84e-05
1756800,1.14e-07
1760400,3.9e-08
1764000,1.5e-08
1767600,2.08e-08
1771200,4.41e-09
1774800,1.74e-08
1778400,1.83e-08
1782000,1e-10
1785600,1.36e-08
1789200,2.37e-08
1792800,1e-10
1796400,8.84e-07
1800000,0.000141644
1803600,0.000754185
1807200,0.001288783
1810800,0.001841736
1814400,0.002151964
1818000,0.002212363
1821600,0.002211256
1825200,0.002035838
1828800,0.001784857
1832400,0.000941613
1836000,0.000457274
1839600,8.85e-05
1843200,8.14e-08
1846800,2.67e-09
1850400,2.98e-08
1854000,2.77e-08
1857600,2.98e-08
1861200,4.2e-08
1864800,6.81e-09
1868400,4.52e-08
1872000,1e-10
1875600,5.03e-08
1879200,3.43e-08
1882800,6.59e-07
1886400,0.00010095
1890000,0.000430006
1893600,0.001066416
1897200,0.001833725
1900800,0.002092463
1904400,0.002169731
1908000,0.002184541
1911600,0.001879809
1915200,0.001504053
1918800,0.00082352
1922400,0.0003367
1926000,6.04e-05
1929600,1.68e-07
1933200,2.65e-08
1936800,1e-10
1940400,5.28e-08
1944000,2.4e-08
1947600,1e-10
1951200,5.26e-08
1954800,4.77e-08
1958400,1e-10
1962000,1e-10
1965600,2.42e-08
1969200,1.1e-06
1972800,0.000178226
1976400,0.00073297
1980000,0.001286937
1983600,0.001990022
1987200,0.002175787
1990800,0.002366583
1994400,0.002421638
1998000,0.002322612
2001600,0.002092792
2005200,0.001538099
2008800,0.000808016
2012400,0.000146155
2016000,1.73e-07
2019600,1e-10
2023200,1e-10
2026800,1e-10
