0,0.000226483
3600,0.00025528
7200,0.000238995
10800,0.000235412
14400,0.000195012
18000,0.000147065
21600,7.96e-05
25200,1.09e-05
28800,6.96e-09
32400,1e-10
36000,7.57e-09
39600,3.57e-09
43200,1e-10
46800,1e-10
50400,1e-10
54000,3.29e-09
57600,1e-10
61200,1e-10
64800,2.31e-09
68400,1.43e-08
72000,7.28e-06
75600,5.14e-05
79200,7.68e-05
82800,0.000180199
86400,0.000226483
90000,0.00025528
93600,0.000238995
97200,0.000235412
100800,0.000195012
104400,0.000147065
108000,7.96e-05
111600,1.09e-05
115200,6.96e-09
118800,1e-10
122400,7.57e-09
126000,3.57e-09
129600,1e-10
133200,1e-10
136800,1e-10
140400,3.29e-09
144000,1e-10
147600,1e-10
151200,2.31e-09
154800,1.43e-08
158400,7.28e-06
162000,5.14e-05
165600,7.68e-05
169200,0.000180199
172800,0.000226483
176400,0.00025528
180000,0.000238995
183600,0.000235412
187200,0.000195012
190800,0.000147065
194400,7.96e-05
198000,1.09e-05
201600,6.96e-09
205200,1e-10
208800,7.57e-09
212400,3.57e-09
216000,1e-10
219600,1e-10
223200,1e-10
226800,3.29e-09
230400,1e-10
234000,1e-10
237600,2.31e-09
241200,1.43e-08
244800,7.28e-06
248400,5.14e-05
252000,7.68e-05
255600,0.000180199
259200,0.000226483
262800,0.00025528
266400,0.000238995
270000,0.000235412
273600,0.000195012
277200,0.000147065
280800,7.96e-05
284400,1.09e-05
288000,6.96e-09
291600,1e-10
295200,7.57e-09
298800,3.57e-09
302400,1e-10
306000,1e-10
309600,1e-10
313200,3.29e-09
316800,1e-10
320400,1e-10
324000,2.31e-09
327600,1.43e-08
331200,7.28e-06
334800,5.14e-05
338400,7.68e-05
342000,0.000180199
345600,0.000226483
349200,0.00025528
352800,0.000238995
356400,0.000235412
360000,0.000195012
363600,0.000147065
367200,7.96e-05
370800,1.09e-05
374400,6.96e-09
378000,1e-10
381600,7.57e-09
385200,3.57e-09
388800,4.77e-09
392400,1.88e-09
396000,2.96e-09
399600,2.72e-09
403200,1.64e-09
406800,1e-10
410400,3.25e-09
414000,1.5e-08
417600,1.26e-05
421200,7.35e-05
424800,0.000149734
428400,0.000192154
432000,0.000205384
435600,0.000244111
439200,0.000235128
442800,0.000192703
446400,0.000120644
450000,9.38e-05
453600,4.17e-05
457200,5.84e-06
460800,3.09e-09
464400,3.19e-09
468000,5.82e-09
471600,2.8e-09
475200,5.68e-09
478800,7.94e-09
482400,4.02e-09
486000,1.03e-08
489600,1e-10
493200,2.17e-09
496800,2.13e-10
500400,1.48e-08
504000,7.83e-06
507600,3.78e-05
511200,0.000116109
514800,0.000147144
518400,0.00021229
522000,0.000236497
525600,0.000251577
529200,0.000234932
532800,0.000199165
536400,0.000167999
540000,9.09e-05
543600,1.27e-05
547200,1.35e-08
550800,1e-10
554400,5.13e-09
558000,7.52e-09
561600,4.08e-09
565200,5.01e-09
568800,6.44e-09
572400,1.29e-09
576000,4.48e-09
579600,4.98e-10
583200,4.39e-09
586800,3.1e-08
590400,1.96e-05
594000,8.77e-05
597600,0.000176303
601200,0.000194459
604800,0.000255449
608400,0.000277023
612000,0.000269754
615600,0.000228311
619200,0.000217573
622800,0.000152512
626400,9.4e-05
630000,1.25e-05
633600,6.1e-09
637200,1e-10
640800,1e-10
644400,5.31e-09
648000,3.48e-09
651600,1.64e-09
655200,2.52e-09
658800,6.17e-09
662400,1.18e-09
666000,3.88e-09
669600,7.78e-10
673200,2.78e-08
676800,1.64e-05
680400,7.5e-05
684000,0.000124629
687600,0.000133076
691200,0.000166483
694800,0.000178147
698400,0.000190551
702000,0.000174042
705600,0.000160409
709200,8.36e-05
712800,5.38e-05
716400,6.95e-06
720000,6.13e-09
723600,5.58e-09
727200,1e-10
730800,5.03e-09
734400,5.81e-09
738000,9.64e-10
741600,1e-10
745200,3.48e-09
748800,3.36e-09
752400,8.78e-10
756000,8.73e-09
759600,1.21e-08
763200,5.2e-06
766800,3.13e-05
770400,5.08e-05
774000,8.39e-05
777600,0.000116249
781200,0.000153515
784800,0.000196213
788400,7.46e-05
792000,6.45e-05
795600,4.82e-05
799200,1.94e-05
802800,4.25e-06
806400,9.24e-09
810000,2.29e-09
813600,1.05e-09
817200,4.54e-09
820800,6.52e-09
824400,3.71e-09
828000,4.28e-09
831600,7.33e-09
835200,4.18e-09
838800,9.84e-10
842400,1e-10
846000,2.49e-08
849600,1.05e-05
853200,6.53e-05
856800,0.000200213
860400,0.000250758
864000,0.000271736
867600,0.000278146
871200,0.00027108
874800,0.000257476
878400,0.000234539
882000,0.000155232
885600,7.4e-05
889200,1.2e-05
892800,1.55e-08
896400,1.17e-09
9e+05,4e-09
903600,3.86e-09
907200,5.65e-09
910800,1e-10
914400,3.01e-09
918000,9.15e-09
921600,7.75e-09
925200,4.23e-09
928800,2.77e-09
932400,5.68e-08
936000,1.62e-05
939600,9.25e-05
943200,0.000184877
946800,0.000234025
950400,0.00025957
954000,0.000270145
957600,0.000271039
961200,0.000232057
964800,0.000228912
968400,0.000143437
972000,8.45e-05
975600,1.4e-05
979200,1.88e-08
982800,3.76e-10
986400,7.36076923076923e-10
990000,3.14384615384615e-09
993600,3.23385714285714e-09
997200,1.41935714285714e-09
1000800,2.269e-09
1004400,3.77164285714286e-09
1008000,1.17668571428571e-09
1011600,1.13432857142857e-09
1015200,1.81585714285714e-09
1018800,4.26642857142857e-08
1022400,1.19471428571429e-05
1026000,6.17714285714286e-05
1029600,0.000121577071428571
1033200,0.000181311857142857
1036800,0.000215917
1040400,0.000234593642857143
1044000,0.000235155785714286
1047600,0.000208923642857143
1051200,0.000178571214285714
1054800,0.000117200642857143
1058400,5.955e-05
1062000,9.52142857142857e-06
1065600,1.05307142857143e-08
1069200,6.40928571428571e-10
1072800,7.36076923076923e-10
1076400,3.14384615384615e-09
1080000,3.23385714285714e-09
1083600,1.41935714285714e-09
1087200,2.269e-09
1090800,3.77164285714286e-09
1094400,1.17668571428571e-09
1098000,1.13432857142857e-09
1101600,1.81585714285714e-09
1105200,4.26642857142857e-08
1108800,1.19471428571429e-05
1112400,6.17714285714286e-05
1116000,0.000121577071428571
1119600,0.000181311857142857
1123200,0.000215917
1126800,0.000234593642857143
1130400,0.000235155785714286
1134000,0.000208923642857143
1137600,0.000178571214285714
1141200,0.000117200642857143
1144800,5.955e-05
1148400,9.52142857142857e-06
1152000,1.05307142857143e-08
1155600,6.40928571428571e-10
1159200,7.36076923076923e-10
1162800,3.14384615384615e-09
1166400,3.23385714285714e-09
1170000,1.41935714285714e-09
1173600,2.269e-09
1177200,3.77164285714286e-09
1180800,1.17668571428571e-09
1184400,1.13432857142857e-09
1188000,1.81585714285714e-09
1191600,4.26642857142857e-08
1195200,1.19471428571429e-05
1198800,6.17714285714286e-05
1202400,0.000121577071428571
1206000,0.000181311857142857
1209600,0.000215917
1213200,0.000234593642857143
1216800,0.000235155785714286
1220400,0.000208923642857143
1224000,0.000178571214285714
1227600,0.000117200642857143
1231200,5.955e-05
1234800,9.52142857142857e-06
1238400,1.05307142857143e-08
1242000,6.40928571428571e-10
1245600,7.36076923076923e-10
1249200,3.14384615384615e-09
1252800,3.23385714285714e-09
1256400,1.41935714285714e-09
1260000,2.269e-09
1263600,3.77164285714286e-09
1267200,1.17668571428571e-09
1270800,1.13432857142857e-09
1274400,1.81585714285714e-09
1278000,4.26642857142857e-08
1281600,1.19471428571429e-05
1285200,6.17714285714286e-05
1288800,0.000121577071428571
1292400,0.000181311857142857
1296000,0.000215917
1299600,0.000234593642857143
1303200,0.000235155785714286
1306800,0.000208923642857143
1310400,0.000178571214285714
1314000,0.000117200642857143
1317600,5.955e-05
1321200,9.52142857142857e-06
1324800,1.05307142857143e-08
1328400,6.40928571428571e-10
1332000,7.36076923076923e-10
1335600,3.14384615384615e-09
1339200,3.23385714285714e-09
1342800,1.41935714285714e-09
1346400,2.269e-09
1350000,3.77164285714286e-09
1353600,1.17668571428571e-09
1357200,1.13432857142857e-09
1360800,1.81585714285714e-09
1364400,4.26642857142857e-08
1368000,1.19471428571429e-05
1371600,6.17714285714286e-05
1375200,0.000121577071428571
1378800,0.000181311857142857
1382400,0.000215917
1386000,0.000234593642857143
1389600,0.000235155785714286
1393200,0.000208923642857143
1396800,0.000178571214285714
1400400,0.000117200642857143
1404000,5.955e-05
1407600,9.52142857142857e-06
1411200,1.05307142857143e-08
1414800,6.40928571428571e-10
1418400,7.36076923076923e-10
1422000,3.14384615384615e-09
1425600,3.23385714285714e-09
1429200,1.41935714285714e-09
1432800,2.269e-09
1436400,3.77164285714286e-09
1440000,1.17668571428571e-09
1443600,1.13432857142857e-09
1447200,1.81585714285714e-09
1450800,4.26642857142857e-08
1454400,1.19471428571429e-05
1458000,6.17714285714286e-05
1461600,0.000121577071428571
1465200,0.000181311857142857
1468800,0.000215917
1472400,0.000234593642857143
1476000,0.000235155785714286
1479600,0.000208923642857143
1483200,0.000178571214285714
1486800,0.000117200642857143
1490400,5.955e-05
1494000,9.52142857142857e-06
1497600,1.05307142857143e-08
1501200,6.40928571428571e-10
1504800,7.36076923076923e-10
1508400,3.14384615384615e-09
1512000,1e-10
1515600,1e-10
1519200,1e-10
1522800,1e-10
1526400,5.56e-11
1530000,1e-10
1533600,1e-10
1537200,3.68e-08
1540800,1.13e-05
1544400,5.91e-05
1548000,5.81e-05
1551600,0.000114834
1555200,0.000176204
1558800,0.000229943
1562400,0.000215915
1566000,0.000177746
1569600,0.000106778
1573200,5.45e-05
1576800,3.3e-05
1580400,6.08e-06
1584000,1.83e-09
1587600,1e-10
1591200,1e-10
1594800,2.7e-10
1598400,3.46e-09
1602000,1e-10
1605600,5.02e-09
1609200,3.73e-10
1612800,2.12e-09
1616400,3.43e-09
1620000,1.27e-09
1623600,4.52e-08
1627200,7.48e-06
1630800,3.28e-05
1634400,5.92e-05
1638000,0.00018935
1641600,0.000235734
1645200,0.000185478
1648800,0.000243525
1652400,0.000215918
1656000,0.000176446
1659600,9e-05
1663200,3.23e-05
1666800,5.2e-06
1670400,8.3e-09
1674000,3.35e-09
1677600,1e-10
1681200,3.5e-10
1684800,2.11e-09
1688400,1e-10
1692000,6.21e-09
1695600,4.57e-09
1699200,1e-10
1702800,7.52e-10
1706400,1e-10
1710000,2.12e-08
1713600,6.27e-06
1717200,4.52e-05
1720800,0.000102999
1724400,0.000188614
1728000,0.000182948
1731600,0.00022461
1735200,0.000148587
1738800,0.000207162
1742400,0.000196781
1746000,0.000137056
1749600,5.15e-05
1753200,9.84e-06
1756800,1.22e-08
1760400,4.25e-09
1764000,1.65e-09
1767600,2.28e-09
1771200,4.79e-10
1774800,1.88e-09
1778400,1.99e-09
1782000,1e-10
1785600,1.48e-09
1789200,2.59e-09
1792800,1e-10
1796400,9.6e-08
1800000,1.59e-05
1803600,8.52e-05
1807200,0.000143591
1810800,0.00020527
1814400,0.000239985
1818000,0.000246674
1821600,0.000246903
1825200,0.000227104
1828800,0.000199434
1832400,0.000104983
1836000,5.12e-05
1839600,9.58e-06
1843200,8.18e-09
1846800,3.19e-10
1850400,3.26e-09
1854000,3.03e-09
1857600,3.25e-09
1861200,4.61e-09
1864800,7.36e-10
1868400,4.91e-09
1872000,1e-10
1875600,5.46e-09
1879200,3.75e-09
1882800,7.14e-08
1886400,1.09e-05
1890000,4.68e-05
1893600,0.000117458
1897200,0.000204032
1900800,0.000232937
1904400,0.000241641
1908000,0.000243686
1911600,0.000209701
1915200,0.000167538
1918800,9.15e-05
1922400,3.7e-05
1926000,6.46e-06
1929600,1.82e-08
1933200,2.88e-09
1936800,1e-10
1940400,5.74e-09
1944000,2.63e-09
1947600,1e-10
1951200,5.72e-09
1954800,5.2e-09
1958400,1e-10
1962000,1e-10
1965600,2.6e-09
1969200,1.3e-07
1972800,1.98e-05
1976400,8.12e-05
1980000,0.000141266
1983600,0.000220551
1987200,0.000241386
1990800,0.000263101
1994400,0.000269228
1998000,0.000257767
2001600,0.000232266
2005200,0.000170925
2008800,9.08e-05
2012400,1.7e-05
2016000,1.94e-08
2019600,1e-10
2023200,1e-10
2026800,1e-10
