0,0.000881135
3600,0.000997524
7200,0.00093878
10800,0.000916465
14400,0.00074639
18000,0.000540034
21600,0.00027014
25200,3.65e-05
28800,2.84e-08
32400,1e-10
36000,3.52e-08
39600,1.66e-08
43200,1e-10
46800,1e-10
50400,1e-10
54000,1.55e-08
57600,1e-10
61200,1e-10
64800,1.11e-08
68400,5.57e-08
72000,2.59e-05
75600,0.00019212
79200,0.00029009
82800,0.00068441
86400,0.000881135
90000,0.000997524
93600,0.00093878
97200,0.000916465
100800,0.00074639
104400,0.000540034
108000,0.00027014
111600,3.65e-05
115200,2.84e-08
118800,1e-10
122400,3.52e-08
126000,1.66e-08
129600,1e-10
133200,1e-10
136800,1e-10
140400,1.55e-08
144000,1e-10
147600,1e-10
151200,1.11e-08
154800,5.57e-08
158400,2.59e-05
162000,0.00019212
165600,0.00029009
169200,0.00068441
172800,0.000881135
176400,0.000997524
180000,0.00093878
183600,0.000916465
187200,0.00074639
190800,0.000540034
194400,0.00027014
198000,3.65e-05
201600,2.84e-08
205200,1e-10
208800,3.52e-08
212400,1.66e-08
216000,1e-10
219600,1e-10
223200,1e-10
226800,1.55e-08
230400,1e-10
234000,1e-10
237600,1.11e-08
241200,5.57e-08
244800,2.59e-05
248400,0.00019212
252000,0.00029009
255600,0.00068441
259200,0.000881135
262800,0.000997524
266400,0.00093878
270000,0.000916465
273600,0.00074639
277200,0.000540034
280800,0.00027014
284400,3.65e-05
288000,2.84e-08
291600,1e-10
295200,3.52e-08
298800,1.66e-08
302400,1e-10
306000,1e-10
309600,1e-10
313200,1.55e-08
316800,1e-10
320400,1e-10
324000,1.11e-08
327600,5.57e-08
331200,2.59e-05
334800,0.00019212
338400,0.00029009
342000,0.00068441
345600,0.000881135
349200,0.000997524
352800,0.00093878
356400,0.000916465
360000,0.00074639
363600,0.000540034
367200,0.00027014
370800,3.65e-05
374400,2.84e-08
378000,1e-10
381600,3.52e-08
385200,1.66e-08
388800,2.22e-08
392400,8.85e-09
396000,1.4e-08
399600,1.28e-08
403200,8.05e-09
406800,5.7e-11
410400,1.54e-08
414000,4.96e-08
417600,4.56e-05
421200,0.000257971
424800,0.000537742
428400,0.000719407
432000,0.000793393
435600,0.000946777
439200,0.000910568
442800,0.000742336
446400,0.000468467
450000,0.000354776
453600,0.000153964
457200,2.19e-05
460800,1.33e-08
464400,1.55e-08
468000,2.72e-08
471600,1.32e-08
475200,2.65e-08
478800,3.69e-08
482400,1.86e-08
486000,4.78e-08
489600,1e-10
493200,1.05e-08
496800,1.46e-09
500400,6.05e-08
504000,2.98e-05
507600,0.000145096
511200,0.000430255
514800,0.000567456
518400,0.000829622
522000,0.000925913
525600,0.00097872
529200,0.00090728
532800,0.00076082
536400,0.000613668
540000,0.000305618
543600,4.17e-05
547200,5.82e-08
550800,1e-10
554400,2.39e-08
558000,3.48e-08
561600,1.9e-08
565200,2.33e-08
568800,2.98e-08
572400,6.08e-09
576000,2.11e-08
579600,2.74e-09
583200,2.07e-08
586800,1.01e-07
590400,6.33e-05
594000,0.000311056
597600,0.000646888
601200,0.000754753
604800,0.000998996
608400,0.001095541
612000,0.001064666
615600,0.000908759
619200,0.000846536
622800,0.000577127
626400,0.000328601
630000,4.48e-05
633600,2.64e-08
637200,1e-10
640800,1e-10
644400,2.49e-08
648000,1.63e-08
651600,7.69e-09
655200,1.18e-08
658800,2.87e-08
662400,5.71e-09
666000,1.8e-08
669600,3.78e-09
673200,1.07e-07
676800,5.93e-05
680400,0.000273901
684000,0.000470878
687600,0.000522291
691200,0.000658954
694800,0.000708028
698400,0.000757092
702000,0.000685854
705600,0.000628028
709200,0.00032637
712800,0.000201475
716400,2.69e-05
720000,2.83e-08
723600,2.61e-08
727200,1e-10
730800,2.35e-08
734400,2.71e-08
738000,4.89e-09
741600,1e-10
745200,1.65e-08
748800,1.57e-08
752400,4.16e-09
756000,4.05e-08
759600,5.17e-08
763200,2.01e-05
766800,0.000120299
770400,0.000198688
774000,0.000331106
777600,0.000461777
781200,0.000607909
784800,0.000775363
788400,0.000298487
792000,0.000256707
795600,0.00019034
799200,7.56e-05
802800,1.63e-05
806400,4.31e-08
810000,1.09e-08
813600,5.26e-09
817200,2.13e-08
820800,3.03e-08
824400,1.73e-08
828000,2e-08
831600,3.39e-08
835200,1.98e-08
838800,4.94e-09
842400,1e-10
846000,1.04e-07
849600,4.07e-05
853200,0.000245652
856800,0.000738093
860400,0.000964621
864000,0.001068362
867600,0.001105645
871200,0.00107755
874800,0.001018791
878400,0.000910199
882000,0.000592518
885600,0.000270442
889200,4.24e-05
892800,6.94e-08
896400,5.65e-09
9e+05,1.86e-08
903600,1.8e-08
907200,2.62e-08
910800,1e-10
914400,1.43e-08
918000,4.23e-08
921600,3.59e-08
925200,1.99e-08
928800,1.31e-08
932400,2.08e-07
936000,5.47e-05
939600,0.000332163
943200,0.000685938
946800,0.000904535
950400,0.001023238
954000,0.001072035
957600,0.001076677
961200,0.000923763
964800,0.00088622
968400,0.000543514
972000,0.000294544
975600,4.74e-05
979200,8.51e-08
982800,1.78e-09
986400,3.57307692307692e-09
990000,1.47046153846154e-08
993600,1.51214285714286e-08
997200,6.73785714285714e-09
1000800,1.064e-08
1004400,1.75814285714286e-08
1008000,5.71592857142857e-09
1011600,5.49192857142857e-09
1015200,8.70071428571429e-09
1018800,1.53171428571429e-07
1022400,4.26285714285714e-05
1026000,0.000224753571428571
1029600,0.000451952714285714
1033200,0.000690997714285714
1036800,0.000840062071428571
1040400,0.000919390928571429
1044000,0.000921840785714286
1047600,0.000815638714285714
1051200,0.000687422571428571
1054800,0.0004409345
1058400,0.000212503357142857
1062000,3.35642857142857e-05
1065600,4.39664285714286e-08
1069200,3.23142857142857e-09
1072800,3.57307692307692e-09
1076400,1.47046153846154e-08
1080000,1.51214285714286e-08
1083600,6.73785714285714e-09
1087200,1.064e-08
1090800,1.75814285714286e-08
1094400,5.71592857142857e-09
1098000,5.49192857142857e-09
1101600,8.70071428571429e-09
1105200,1.53171428571429e-07
1108800,4.26285714285714e-05
1112400,0.000224753571428571
1116000,0.000451952714285714
1119600,0.000690997714285714
1123200,0.000840062071428571
1126800,0.000919390928571429
1130400,0.000921840785714286
1134000,0.000815638714285714
1137600,0.000687422571428571
1141200,0.0004409345
1144800,0.000212503357142857
1148400,3.35642857142857e-05
1152000,4.39664285714286e-08
1155600,3.23142857142857e-09
1159200,3.57307692307692e-09
1162800,1.47046153846154e-08
1166400,1.51214285714286e-08
1170000,6.73785714285714e-09
1173600,1.064e-08
1177200,1.75814285714286e-08
1180800,5.71592857142857e-09
1184400,5.49192857142857e-09
1188000,8.70071428571429e-09
1191600,1.53171428571429e-07
1195200,4.26285714285714e-05
1198800,0.000224753571428571
1202400,0.000451952714285714
1206000,0.000690997714285714
1209600,0.000840062071428571
1213200,0.000919390928571429
1216800,0.000921840785714286
1220400,0.000815638714285714
1224000,0.000687422571428571
1227600,0.0004409345
1231200,0.000212503357142857
1234800,3.35642857142857e-05
1238400,4.39664285714286e-08
1242000,3.23142857142857e-09
1245600,3.57307692307692e-09
1249200,1.47046153846154e-08
1252800,1.51214285714286e-08
1256400,6.73785714285714e-09
1260000,1.064e-08
1263600,1.75814285714286e-08
1267200,5.71592857142857e-09
1270800,5.49192857142857e-09
1274400,8.70071428571429e-09
1278000,1.53171428571429e-07
1281600,4.26285714285714e-05
1285200,0.000224753571428571
1288800,0.000451952714285714
1292400,0.000690997714285714
1296000,0.000840062071428571
1299600,0.000919390928571429
1303200,0.000921840785714286
1306800,0.000815638714285714
1310400,0.000687422571428571
1314000,0.0004409345
1317600,0.000212503357142857
1321200,3.35642857142857e-05
1324800,4.39664285714286e-08
1328400,3.23142857142857e-09
1332000,3.57307692307692e-09
1335600,1.47046153846154e-08
1339200,1.51214285714286e-08
1342800,6.73785714285714e-09
1346400,1.064e-08
1350000,1.75814285714286e-08
1353600,5.71592857142857e-09
1357200,5.49192857142857e-09
1360800,8.70071428571429e-09
1364400,1.53171428571429e-07
1368000,4.26285714285714e-05
1371600,0.000224753571428571
1375200,0.000451952714285714
1378800,0.000690997714285714
1382400,0.000840062071428571
1386000,0.000919390928571429
1389600,0.000921840785714286
1393200,0.000815638714285714
1396800,0.000687422571428571
1400400,0.0004409345
1404000,0.000212503357142857
1407600,3.35642857142857e-05
1411200,4.39664285714286e-08
1414800,3.23142857142857e-09
1418400,3.57307692307692e-09
1422000,1.47046153846154e-08
1425600,1.51214285714286e-08
1429200,6.73785714285714e-09
1432800,1.064e-08
1436400,1.75814285714286e-08
1440000,5.71592857142857e-09
1443600,5.49192857142857e-09
1447200,8.70071428571429e-09
1450800,1.53171428571429e-07
1454400,4.26285714285714e-05
1458000,0.000224753571428571
1461600,0.000451952714285714
1465200,0.000690997714285714
1468800,0.000840062071428571
1472400,0.000919390928571429
1476000,0.000921840785714286
1479600,0.000815638714285714
1483200,0.000687422571428571
1486800,0.0004409345
1490400,0.000212503357142857
1494000,3.35642857142857e-05
1497600,4.39664285714286e-08
1501200,3.23142857142857e-09
1504800,3.57307692307692e-09
1508400,1.47046153846154e-08
1512000,1e-10
1515600,1e-10
1519200,1e-10
1522800,1e-10
1526400,4.93e-10
1530000,1e-10
1533600,1e-10
1537200,1.3e-07
1540800,4.2e-05
1544400,0.000206246
1548000,0.00021444
1551600,0.000426696
1555200,0.000680793
1558800,0.000889269
1562400,0.000834558
1566000,0.000687582
1569600,0.000411736
1573200,0.000209968
1576800,0.000122304
1580400,2.27e-05
1584000,2.33e-09
1587600,1e-10
1591200,1e-10
1594800,1.43e-09
1598400,1.6e-08
1602000,1e-10
1605600,2.32e-08
1609200,1.94e-09
1612800,9.83e-09
1616400,1.58e-08
1620000,5.88e-09
1623600,1.65e-07
1627200,2.54e-05
1630800,0.000121121
1634400,0.000229252
1638000,0.000714955
1641600,0.00090244
1645200,0.000721311
1648800,0.000946445
1652400,0.000833914
1656000,0.000672067
1659600,0.000342745
1663200,0.000121958
1666800,1.91e-05
1670400,3.31e-08
1674000,1.56e-08
1677600,1e-10
1681200,1.63e-09
1684800,9.76e-09
1688400,1e-10
1692000,2.86e-08
1695600,2.11e-08
1699200,1e-10
1702800,3.52e-09
1706400,1e-10
1710000,7.99e-08
1713600,2.43e-05
1717200,0.000172341
1720800,0.000381995
1724400,0.00070216
1728000,0.000704494
1731600,0.000864595
1735200,0.000577594
1738800,0.000793691
1742400,0.000741662
1746000,0.00050082
1749600,0.000183942
1753200,3.44e-05
1756800,4.69e-08
1760400,1.96e-08
1764000,7.7e-09
1767600,1.07e-08
1771200,2.46e-09
1774800,8.82e-09
1778400,9.18e-09
1782000,1e-10
1785600,7.02e-09
1789200,1.2e-08
1792800,1e-10
1796400,3.36e-07
1800000,5.45e-05
1803600,0.000293939
1807200,0.000522302
1810800,0.000768551
1814400,0.000918031
1818000,0.000958098
1821600,0.000956015
1825200,0.000876152
1828800,0.000753633
1832400,0.000392027
1836000,0.000184361
1839600,3.55e-05
1843200,3.21e-08
1846800,1.53e-09
1850400,1.5e-08
1854000,1.4e-08
1857600,1.51e-08
1861200,2.13e-08
1864800,3.59e-09
1868400,2.26e-08
1872000,1e-10
1875600,2.53e-08
1879200,1.76e-08
1882800,2.67e-07
1886400,4.12e-05
1890000,0.000179405
1893600,0.000443595
1897200,0.000769725
1900800,0.000897294
1904400,0.000941727
1908000,0.000946746
1911600,0.000808727
1915200,0.000642024
1918800,0.000347038
1922400,0.000140465
1926000,2.47e-05
1929600,7.64e-08
1933200,1.38e-08
1936800,1e-10
1940400,2.66e-08
1944000,1.23e-08
1947600,1e-10
1951200,2.65e-08
1954800,2.41e-08
1958400,1e-10
1962000,1e-10
1965600,1.26e-08
1969200,4.29e-07
1972800,7e-05
1976400,0.00029524
1980000,0.000537182
1983600,0.000843302
1987200,0.00094234
1990800,0.001037101
1994400,0.001064997
1998000,0.001017141
2001600,0.000899427
2005200,0.000642138
2008800,0.000321633
2012400,5.56e-05
2016000,7.25e-08
2019600,1e-10
2023200,1e-10
2026800,1e-10
