0,0.020360503
3600,0.022871021
7200,0.021300062
10800,0.021108673
14400,0.017691692
18000,0.013765249
21600,0.008009763
25200,0.001108546
28800,6.14e-07
32400,1e-10
36000,5.87e-07
39600,2.69e-07
43200,1e-10
46800,1e-10
50400,1e-10
54000,2.55e-07
57600,1e-10
61200,1e-10
64800,1.73e-07
68400,1.22e-06
72000,0.000690597
75600,0.004719756
79200,0.007061537
82800,0.016512933
86400,0.020360503
90000,0.022871021
93600,0.021300062
97200,0.021108673
100800,0.017691692
104400,0.013765249
108000,0.008009763
111600,0.001108546
115200,6.14e-07
118800,1e-10
122400,5.87e-07
126000,2.69e-07
129600,1e-10
133200,1e-10
136800,1e-10
140400,2.55e-07
144000,1e-10
147600,1e-10
151200,1.73e-07
154800,1.22e-06
158400,0.000690597
162000,0.004719756
165600,0.007061537
169200,0.016512933
172800,0.020360503
176400,0.022871021
180000,0.021300062
183600,0.021108673
187200,0.017691692
190800,0.013765249
194400,0.008009763
198000,0.001108546
201600,6.14e-07
205200,1e-10
208800,5.87e-07
212400,2.69e-07
216000,1e-10
219600,1e-10
223200,1e-10
226800,2.55e-07
230400,1e-10
234000,1e-10
237600,1.73e-07
241200,1.22e-06
244800,0.000690597
248400,0.004719756
252000,0.007061537
255600,0.016512933
259200,0.020360503
262800,0.022871021
266400,0.021300062
270000,0.021108673
273600,0.017691692
277200,0.013765249
280800,0.008009763
284400,0.001108546
288000,6.14e-07
291600,1e-10
295200,5.87e-07
298800,2.69e-07
302400,1e-10
306000,1e-10
309600,1e-10
313200,2.55e-07
316800,1e-10
320400,1e-10
324000,1.73e-07
327600,1.22e-06
331200,0.000690597
334800,0.004719756
338400,0.007061537
342000,0.016512933
345600,0.020360503
349200,0.022871021
352800,0.021300062
356400,0.021108673
360000,0.017691692
363600,0.013765249
367200,0.008009763
370800,0.001108546
374400,6.14e-07
378000,1e-10
381600,5.87e-07
385200,2.69e-07
388800,3.66e-07
392400,1.43e-07
396000,2.25e-07
399600,2.09e-07
403200,1.2e-07
406800,1e-10
410400,2.47e-07
414000,1.43e-06
417600,0.001144135
421200,0.007157988
424800,0.014395746
428400,0.017826324
432000,0.018560724
435600,0.021994496
439200,0.021207583
442800,0.017438115
446400,0.010809504
450000,0.008588637
453600,0.003885295
457200,0.000517236
460800,2.46e-07
464400,2.3e-07
468000,4.48e-07
471600,2.12e-07
475200,4.31e-07
478800,6.14e-07
482400,3.1e-07
486000,7.92e-07
489600,1e-10
493200,1.68e-07
496800,7.38e-09
500400,1.14e-06
504000,0.000676871
507600,0.003394064
511200,0.010849594
514800,0.013291056
518400,0.018967368
522000,0.021111054
525600,0.022578466
529200,0.021199134
532800,0.018067204
536400,0.015791394
540000,0.009229062
543600,0.00130729
547200,1.11e-06
550800,1e-10
554400,3.91e-07
558000,5.79e-07
561600,3.2e-07
565200,3.89e-07
568800,5.03e-07
572400,9.87e-08
576000,3.45e-07
579600,2.94e-08
583200,3.37e-07
586800,3.18e-06
590400,0.002091967
594000,0.008428865
597600,0.0165498
601200,0.017436733
604800,0.022816064
608400,0.024492962
612000,0.023866114
615600,0.019996499
619200,0.019369681
622800,0.013829071
626400,0.009147993
630000,0.001153155
633600,4.56e-07
637200,1e-10
640800,1e-10
644400,4.05e-07
648000,2.68e-07
651600,1.19e-07
655200,1.89e-07
658800,4.75e-07
662400,9.18e-08
666000,2.95e-07
669600,5.63e-08
673200,2.32e-06
676800,0.001513736
680400,0.007011027
684000,0.011429907
687600,0.011835624
691200,0.014711308
694800,0.015680711
698400,0.016759034
702000,0.015403553
705600,0.014241579
709200,0.007422586
712800,0.004887793
716400,0.000581277
720000,4.34e-07
723600,4.18e-07
727200,1e-10
730800,3.89e-07
734400,4.46e-07
738000,6.74e-08
741600,1e-10
745200,2.67e-07
748800,2.54e-07
752400,6.02e-08
756000,6.76e-07
759600,8.88e-07
763200,0.000452099
766800,0.002822736
770400,0.004556267
774000,0.007452673
777600,0.010256082
781200,0.013563773
784800,0.017343152
788400,0.006529049
792000,0.005660235
795600,0.004251823
799200,0.001716654
802800,0.00036784
806400,6.78e-07
810000,1.67e-07
813600,7.64e-08
817200,3.47e-07
820800,5.01e-07
824400,2.8e-07
828000,3.27e-07
831600,5.66e-07
835200,3.26e-07
838800,6.4e-08
842400,1e-10
846000,1.85e-06
849600,0.000903367
853200,0.005981726
856800,0.018634193
860400,0.022599662
864000,0.024109429
867600,0.024475463
871200,0.023852104
874800,0.022676745
878400,0.02089607
882000,0.013924282
885600,0.006859689
889200,0.001127452
892800,1.21e-06
896400,8.3e-08
9e+05,3.09e-07
903600,2.99e-07
907200,4.4e-07
910800,1e-10
914400,2.3e-07
918000,7.08e-07
921600,5.96e-07
925200,3.19e-07
928800,2.06e-07
932400,4.93e-06
936000,0.001648207
939600,0.008766459
943200,0.017105055
946800,0.021033953
950400,0.023006384
954000,0.023825932
957600,0.023882171
961200,0.020359892
964800,0.020492566
968400,0.013016104
972000,0.00829559
975600,0.001386525
979200,1.45e-06
982800,3.06e-08
986400,5.38e-08
990000,2.40707692307692e-07
993600,2.49235714285714e-07
997200,1.0625e-07
1000800,1.73892857142857e-07
1004400,2.90271428571429e-07
1008000,8.67971428571429e-08
1011600,8.30278571428571e-08
1015200,1.35855714285714e-07
1018800,3.87914285714286e-06
1022400,0.00113136764285714
1026000,0.005831964
1029600,0.011309012
1033200,0.0165440355714286
1036800,0.0193774495714286
1040400,0.0209309275
1044000,0.0209653175714286
1047600,0.0186588287142857
1051200,0.0160910812857143
1054800,0.0107346498571429
1058400,0.00571010671428571
1062000,0.000907385857142857
1065600,8.44142857142857e-07
1069200,4.38928571428571e-08
1072800,5.38e-08
1076400,2.40707692307692e-07
1080000,2.49235714285714e-07
1083600,1.0625e-07
1087200,1.73892857142857e-07
1090800,2.90271428571429e-07
1094400,8.67971428571429e-08
1098000,8.30278571428571e-08
1101600,1.35855714285714e-07
1105200,3.87914285714286e-06
1108800,0.00113136764285714
1112400,0.005831964
1116000,0.011309012
1119600,0.0165440355714286
1123200,0.0193774495714286
1126800,0.0209309275
1130400,0.0209653175714286
1134000,0.0186588287142857
1137600,0.0160910812857143
1141200,0.0107346498571429
1144800,0.00571010671428571
1148400,0.000907385857142857
1152000,8.44142857142857e-07
1155600,4.38928571428571e-08
1159200,5.38e-08
1162800,2.40707692307692e-07
1166400,2.49235714285714e-07
1170000,1.0625e-07
1173600,1.73892857142857e-07
1177200,2.90271428571429e-07
1180800,8.67971428571429e-08
1184400,8.30278571428571e-08
1188000,1.35855714285714e-07
1191600,3.87914285714286e-06
1195200,0.00113136764285714
1198800,0.005831964
1202400,0.011309012
1206000,0.0165440355714286
1209600,0.0193774495714286
1213200,0.0209309275
1216800,0.0209653175714286
1220400,0.0186588287142857
1224000,0.0160910812857143
1227600,0.0107346498571429
1231200,0.00571010671428571
1234800,0.000907385857142857
1238400,8.44142857142857e-07
1242000,4.38928571428571e-08
1245600,5.38e-08
1249200,2.40707692307692e-07
1252800,2.49235714285714e-07
1256400,1.0625e-07
1260000,1.73892857142857e-07
1263600,2.90271428571429e-07
1267200,8.67971428571429e-08
1270800,8.30278571428571e-08
1274400,1.35855714285714e-07
1278000,3.87914285714286e-06
1281600,0.00113136764285714
1285200,0.005831964
1288800,0.011309012
1292400,0.0165440355714286
1296000,0.0193774495714286
1299600,0.0209309275
1303200,0.0209653175714286
1306800,0.0186588287142857
1310400,0.0160910812857143
1314000,0.0107346498571429
1317600,0.00571010671428571
1321200,0.000907385857142857
1324800,8.44142857142857e-07
1328400,4.38928571428571e-08
1332000,5.38e-08
1335600,2.40707692307692e-07
1339200,2.49235714285714e-07
1342800,1.0625e-07
1346400,1.73892857142857e-07
1350000,2.90271428571429e-07
1353600,8.67971428571429e-08
1357200,8.30278571428571e-08
1360800,1.35855714285714e-07
1364400,3.87914285714286e-06
1368000,0.00113136764285714
1371600,0.005831964
1375200,0.011309012
1378800,0.0165440355714286
1382400,0.0193774495714286
1386000,0.0209309275
1389600,0.0209653175714286
1393200,0.0186588287142857
1396800,0.0160910812857143
1400400,0.0107346498571429
1404000,0.00571010671428571
1407600,0.000907385857142857
1411200,8.44142857142857e-07
1414800,4.38928571428571e-08
1418400,5.38e-08
1422000,2.40707692307692e-07
1425600,2.49235714285714e-07
1429200,1.0625e-07
1432800,1.73892857142857e-07
1436400,2.90271428571429e-07
1440000,8.67971428571429e-08
1443600,8.30278571428571e-08
1447200,1.35855714285714e-07
1450800,3.87914285714286e-06
1454400,0.00113136764285714
1458000,0.005831964
1461600,0.011309012
1465200,0.0165440355714286
1468800,0.0193774495714286
1472400,0.0209309275
1476000,0.0209653175714286
1479600,0.0186588287142857
1483200,0.0160910812857143
1486800,0.0107346498571429
1490400,0.00571010671428571
1494000,0.000907385857142857
1497600,8.44142857142857e-07
1501200,4.38928571428571e-08
1504800,5.38e-08
1508400,2.40707692307692e-07
1512000,1e-10
1515600,1e-10
1519200,1e-10
1522800,1e-10
1526400,1e-10
1530000,1e-10
1533600,1e-10
1537200,3.16e-06
1540800,0.001015339
1544400,0.005814205
1548000,0.00545991
1551600,0.01073134
1555200,0.015914781
1558800,0.020756532
1562400,0.019496583
1566000,0.015993947
1569600,0.009625191
1573200,0.004909494
1576800,0.003049041
1580400,0.000546082
1584000,1.33e-07
1587600,1e-10
1591200,1e-10
1594800,2.25e-08
1598400,2.71e-07
1602000,1e-10
1605600,3.87e-07
1609200,2.48e-08
1612800,1.64e-07
1616400,2.66e-07
1620000,9.75e-08
1623600,3.61e-06
1627200,0.000747779
1630800,0.003076256
1634400,0.005341524
1638000,0.017419593
1641600,0.02143167
1645200,0.016613108
1648800,0.021860669
1652400,0.019449429
1656000,0.016059453
1659600,0.008167215
1663200,0.002945755
1666800,0.000471464
1670400,6.5e-07
1674000,2.56e-07
1677600,1e-10
1681200,2.17e-08
1684800,1.65e-07
1688400,1e-10
1692000,4.84e-07
1695600,3.53e-07
1699200,1e-10
1702800,5.83e-08
1706400,1e-10
1710000,1.8e-06
1713600,0.00053691
1717200,0.004076599
1720800,0.009624672
1724400,0.017559417
1728000,0.016553744
1731600,0.020359223
1735200,0.013323619
1738800,0.018800948
1742400,0.018069855
1746000,0.012919575
1749600,0.004943716
1753200,0.000944776
1756800,1.01e-06
1760400,3.36e-07
1764000,1.29e-07
1767600,1.78e-07
1771200,3.98e-08
1774800,1.48e-07
1778400,1.55e-07
1782000,1e-10
1785600,1.09e-07
1789200,2.02e-07
1792800,1e-10
1796400,8.7e-06
1800000,0.001561441
1803600,0.008473296
1807200,0.013639337
1810800,0.019035599
1814400,0.021879246
1818000,0.022213722
1821600,0.022277062
1825200,0.020506917
1828800,0.018284362
1832400,0.009703603
1836000,0.004876032
1839600,0.000852576
1843200,5.87e-07
1846800,2.31e-08
1850400,2.53e-07
1854000,2.34e-07
1857600,2.52e-07
1861200,3.55e-07
1864800,5.45e-08
1868400,3.8e-07
1872000,1e-10
1875600,4.26e-07
1879200,2.88e-07
1882800,6.28e-06
1886400,0.00096631
1890000,0.00423807
1893600,0.010799662
1897200,0.018802055
1900800,0.02110289
1904400,0.021671292
1908000,0.021906361
1911600,0.018938037
1915200,0.015192795
1918800,0.008345375
1922400,0.003352546
1926000,0.000553827
1929600,1.44e-06
1933200,2.21e-07
1936800,1e-10
1940400,4.5e-07
1944000,2.08e-07
1947600,1e-10
1951200,4.5e-07
1954800,4.1e-07
1958400,1e-10
1962000,1e-10
1965600,1.92e-07
1969200,1.38e-05
1972800,0.001890389
1976400,0.007686449
1980000,0.012878964
1983600,0.020079536
1987200,0.021614101
1990800,0.023403696
1994400,0.023861466
1998000,0.022822664
2001600,0.020814951
2005200,0.01565069
2008800,0.008742565
2012400,0.001785356
2016000,1.8e-06
2019600,1e-10
2023200,1e-10
2026800,1e-10
