0,0.008363999
3600,0.0093786
7200,0.008773589
10800,0.008679871
14400,0.007245693
18000,0.005524783
21600,0.002987118
25200,0.000412066
28800,2.36e-07
32400,1e-10
36000,2.57e-07
39600,1.2e-07
43200,1e-10
46800,1e-10
50400,1e-10
54000,1.09e-07
57600,1e-10
61200,1e-10
64800,7.59e-08
68400,5.41e-07
72000,0.000282303
75600,0.001982986
79200,0.002909146
82800,0.006729063
86400,0.008363999
90000,0.0093786
93600,0.008773589
97200,0.008679871
100800,0.007245693
104400,0.005524783
108000,0.002987118
111600,0.000412066
115200,2.36e-07
118800,1e-10
122400,2.57e-07
126000,1.2e-07
129600,1e-10
133200,1e-10
136800,1e-10
140400,1.09e-07
144000,1e-10
147600,1e-10
151200,7.59e-08
154800,5.41e-07
158400,0.000282303
162000,0.001982986
165600,0.002909146
169200,0.006729063
172800,0.008363999
176400,0.0093786
180000,0.008773589
183600,0.008679871
187200,0.007245693
190800,0.005524783
194400,0.002987118
198000,0.000412066
201600,2.36e-07
205200,1e-10
208800,2.57e-07
212400,1.2e-07
216000,1e-10
219600,1e-10
223200,1e-10
226800,1.09e-07
230400,1e-10
234000,1e-10
237600,7.59e-08
241200,5.41e-07
244800,0.000282303
248400,0.001982986
252000,0.002909146
255600,0.006729063
259200,0.008363999
262800,0.0093786
266400,0.008773589
270000,0.008679871
273600,0.007245693
277200,0.005524783
280800,0.002987118
284400,0.000412066
288000,2.36e-07
291600,1e-10
295200,2.57e-07
298800,1.2e-07
302400,1e-10
306000,1e-10
309600,1e-10
313200,1.09e-07
316800,1e-10
320400,1e-10
324000,7.59e-08
327600,5.41e-07
331200,0.000282303
334800,0.001982986
338400,0.002909146
342000,0.006729063
345600,0.008363999
349200,0.0093786
352800,0.008773589
356400,0.008679871
360000,0.007245693
363600,0.005524783
367200,0.002987118
370800,0.000412066
374400,2.36e-07
378000,1e-10
381600,2.57e-07
385200,1.2e-07
388800,1.62e-07
392400,6.24e-08
396000,9.77e-08
399600,9.06e-08
403200,5.3e-08
406800,1e-10
410400,1.08e-07
414000,5.96e-07
417600,0.000495132
421200,0.002804329
424800,0.005653177
428400,0.007179486
432000,0.007597006
435600,0.008983523
439200,0.008650965
442800,0.007115501
446400,0.004478448
450000,0.003515128
453600,0.001578184
457200,0.000228991
460800,1.07e-07
464400,1.01e-07
468000,1.97e-07
471600,9.36e-08
475200,1.93e-07
478800,2.7e-07
482400,1.36e-07
486000,3.49e-07
489600,1e-10
493200,7e-08
496800,3.8e-09
500400,5.89e-07
504000,0.000311213
507600,0.001458395
511200,0.004393472
514800,0.005493163
518400,0.007848164
522000,0.008697835
525600,0.009254509
529200,0.00866989
532800,0.007408535
536400,0.006310241
540000,0.003396298
543600,0.000472806
547200,4.53e-07
550800,1e-10
554400,1.73e-07
558000,2.55e-07
561600,1.37e-07
565200,1.69e-07
568800,2.18e-07
572400,4.18e-08
576000,1.5e-07
579600,1.41e-08
583200,1.46e-07
586800,1.17e-06
590400,0.000726368
594000,0.003364323
597600,0.006689457
601200,0.007266222
604800,0.00944019
608400,0.010179169
612000,0.009914709
615600,0.008415822
619200,0.008095486
622800,0.005749148
626400,0.003561348
630000,0.000491188
633600,2.24e-07
637200,1e-10
640800,1e-10
644400,1.79e-07
648000,1.17e-07
651600,5.4e-08
655200,8.41e-08
658800,2.09e-07
662400,3.86e-08
666000,1.31e-07
669600,2.34e-08
673200,1.1e-06
676800,0.000646212
680400,0.00288647
684000,0.004724393
687600,0.004957742
691200,0.006140909
694800,0.006541718
698400,0.006992772
702000,0.00641383
705600,0.005949301
709200,0.003128283
712800,0.002051512
716400,0.000276475
720000,2.14e-07
723600,1.85e-07
727200,1e-10
730800,1.69e-07
734400,1.95e-07
738000,2.87e-08
741600,1e-10
745200,1.17e-07
748800,1.13e-07
752400,2.82e-08
756000,2.96e-07
759600,4.78e-07
763200,0.000204329
766800,0.001200369
770400,0.001917201
774000,0.003121178
777600,0.004286683
781200,0.00564361
784800,0.00721206
788400,0.002743878
792000,0.002383449
795600,0.001796459
799200,0.000736576
802800,0.000166437
806400,3.1e-07
810000,7.31e-08
813600,3.28e-08
817200,1.52e-07
820800,2.22e-07
824400,1.25e-07
828000,1.44e-07
831600,2.49e-07
835200,1.4e-07
838800,3.1e-08
842400,1e-10
846000,9.88e-07
849600,0.000418214
853200,0.002515128
856800,0.007622769
860400,0.009397037
864000,0.01005682
867600,0.010227342
871200,0.009963823
874800,0.009509854
878400,0.008752861
882000,0.00586864
885600,0.002830415
889200,0.000467366
892800,5.22e-07
896400,3.58e-08
9e+05,1.35e-07
903600,1.31e-07
907200,1.93e-07
910800,1e-10
914400,1.01e-07
918000,3.11e-07
921600,2.63e-07
925200,1.42e-07
928800,9.25e-08
932400,2.24e-06
936000,0.00061105
939600,0.003564363
943200,0.007042966
946800,0.008762106
950400,0.009598718
954000,0.009929067
957600,0.00995396
961200,0.00855308
964800,0.008526476
968400,0.00540202
972000,0.003186623
975600,0.00053521
979200,6.29e-07
982800,1.16e-08
986400,2.27307692307692e-08
990000,1.05007692307692e-07
993600,1.08407142857143e-07
997200,4.58928571428571e-08
1000800,7.51285714285714e-08
1004400,1.26602142857143e-07
1008000,3.73035714285714e-08
1011600,3.61978571428571e-08
1015200,5.88857142857143e-08
1018800,1.663e-06
1022400,0.000462301285714286
1026000,0.00236874585714286
1029600,0.00461648357142857
1033200,0.0067868635
1036800,0.00799255835714286
1040400,0.00863092807142857
1044000,0.00864369564285714
1047600,0.00770601692857143
1051200,0.00663714671428571
1054800,0.004401152
1058400,0.00225214907142857
1062000,0.000366032571428571
1065600,3.82357142857143e-07
1069200,1.83271428571429e-08
1072800,2.27307692307692e-08
1076400,1.05007692307692e-07
1080000,1.08407142857143e-07
1083600,4.58928571428571e-08
1087200,7.51285714285714e-08
1090800,1.26602142857143e-07
1094400,3.73035714285714e-08
1098000,3.61978571428571e-08
1101600,5.88857142857143e-08
1105200,1.663e-06
1108800,0.000462301285714286
1112400,0.00236874585714286
1116000,0.00461648357142857
1119600,0.0067868635
1123200,0.00799255835714286
1126800,0.00863092807142857
1130400,0.00864369564285714
1134000,0.00770601692857143
1137600,0.00663714671428571
1141200,0.004401152
1144800,0.00225214907142857
1148400,0.000366032571428571
1152000,3.82357142857143e-07
1155600,1.83271428571429e-08
1159200,2.27307692307692e-08
1162800,1.05007692307692e-07
1166400,1.08407142857143e-07
1170000,4.58928571428571e-08
1173600,7.51285714285714e-08
1177200,1.26602142857143e-07
1180800,3.73035714285714e-08
1184400,3.61978571428571e-08
1188000,5.88857142857143e-08
1191600,1.663e-06
1195200,0.000462301285714286
1198800,0.00236874585714286
1202400,0.00461648357142857
1206000,0.0067868635
1209600,0.00799255835714286
1213200,0.00863092807142857
1216800,0.00864369564285714
1220400,0.00770601692857143
1224000,0.00663714671428571
1227600,0.004401152
1231200,0.00225214907142857
1234800,0.000366032571428571
1238400,3.82357142857143e-07
1242000,1.83271428571429e-08
1245600,2.27307692307692e-08
1249200,1.05007692307692e-07
1252800,1.08407142857143e-07
1256400,4.58928571428571e-08
1260000,7.51285714285714e-08
1263600,1.26602142857143e-07
1267200,3.73035714285714e-08
1270800,3.61978571428571e-08
1274400,5.88857142857143e-08
1278000,1.663e-06
1281600,0.000462301285714286
1285200,0.00236874585714286
1288800,0.00461648357142857
1292400,0.0067868635
1296000,0.00799255835714286
1299600,0.00863092807142857
1303200,0.00864369564285714
1306800,0.00770601692857143
1310400,0.00663714671428571
1314000,0.004401152
1317600,0.00225214907142857
1321200,0.000366032571428571
1324800,3.82357142857143e-07
1328400,1.83271428571429e-08
1332000,2.27307692307692e-08
1335600,1.05007692307692e-07
1339200,1.08407142857143e-07
1342800,4.58928571428571e-08
1346400,7.51285714285714e-08
1350000,1.26602142857143e-07
1353600,3.73035714285714e-08
1357200,3.61978571428571e-08
1360800,5.88857142857143e-08
1364400,1.663e-06
1368000,0.000462301285714286
1371600,0.00236874585714286
1375200,0.00461648357142857
1378800,0.0067868635
1382400,0.00799255835714286
1386000,0.00863092807142857
1389600,0.00864369564285714
1393200,0.00770601692857143
1396800,0.00663714671428571
1400400,0.004401152
1404000,0.00225214907142857
1407600,0.000366032571428571
1411200,3.82357142857143e-07
1414800,1.83271428571429e-08
1418400,2.27307692307692e-08
1422000,1.05007692307692e-07
1425600,1.08407142857143e-07
1429200,4.58928571428571e-08
1432800,7.51285714285714e-08
1436400,1.26602142857143e-07
1440000,3.73035714285714e-08
1443600,3.61978571428571e-08
1447200,5.88857142857143e-08
1450800,1.663e-06
1454400,0.000462301285714286
1458000,0.00236874585714286
1461600,0.00461648357142857
1465200,0.0067868635
1468800,0.00799255835714286
1472400,0.00863092807142857
1476000,0.00864369564285714
1479600,0.00770601692857143
1483200,0.00663714671428571
1486800,0.004401152
1490400,0.00225214907142857
1494000,0.000366032571428571
1497600,3.82357142857143e-07
1501200,1.83271428571429e-08
1504800,2.27307692307692e-08
1508400,1.05007692307692e-07
1512000,1e-10
1515600,1e-10
1519200,1e-10
1522800,1e-10
1526400,1e-10
1530000,1e-10
1533600,1e-10
1537200,1.5e-06
1540800,0.000448075
1544400,0.002246905
1548000,0.002207169
1551600,0.004308028
1555200,0.006537893
1558800,0.008484288
1562400,0.007955473
1566000,0.006567394
1569600,0.003962897
1573200,0.002036593
1576800,0.00125591
1580400,0.000236959
1584000,1.26e-07
1587600,1e-10
1591200,1e-10
1594800,6e-09
1598400,1.17e-07
1602000,1e-10
1605600,1.71e-07
1609200,9.73e-09
1612800,7.09e-08
1616400,1.16e-07
1620000,4.2e-08
1623600,1.9e-06
1627200,0.000284151
1630800,0.001256379
1634400,0.002248596
1638000,0.007107315
1641600,0.008764367
1645200,0.006855408
1648800,0.008971454
1652400,0.007977271
1656000,0.006558089
1659600,0.003376858
1663200,0.001225876
1666800,0.000202767
1670400,3.25e-07
1674000,1.12e-07
1677600,1e-10
1681200,1.03e-08
1684800,6.99e-08
1688400,1e-10
1692000,2.11e-07
1695600,1.54e-07
1699200,1e-10
1702800,2.34e-08
1706400,1e-10
1710000,8.3e-07
1713600,0.00024926
1717200,0.001743236
1720800,0.003914154
1724400,0.007085305
1728000,0.006795149
1731600,0.008290541
1735200,0.005480217
1738800,0.00765841
1742400,0.007321361
1746000,0.005134765
1749600,0.001947941
1753200,0.000378113
1756800,4.72e-07
1760400,1.44e-07
1764000,5.4e-08
1767600,7.52e-08
1771200,1.34e-08
1774800,6.21e-08
1778400,6.62e-08
1782000,1e-10
1785600,4.73e-08
1789200,8.49e-08
1792800,1e-10
1796400,3.8e-06
1800000,0.000608738
1803600,0.003233454
1807200,0.005456973
1810800,0.007699254
1814400,0.00889893
1818000,0.009077592
1821600,0.009076662
1825200,0.008373786
1828800,0.007408424
1832400,0.003931456
1836000,0.001933187
1839600,0.000376435
1843200,3.47e-07
1846800,7.78e-09
1850400,1.1e-07
1854000,1.01e-07
1857600,1.09e-07
1861200,1.55e-07
1864800,2.16e-08
1868400,1.67e-07
1872000,1e-10
1875600,1.85e-07
1879200,1.25e-07
1882800,2.78e-06
1886400,0.000425792
1890000,0.001797722
1893600,0.00446681
1897200,0.00764635
1900800,0.008632721
1904400,0.008890705
1908000,0.00895515
1911600,0.007730949
1915200,0.006209741
1918800,0.003419646
1922400,0.001404757
1926000,0.000254332
1929600,6.69e-07
1933200,9.39e-08
1936800,1e-10
1940400,1.94e-07
1944000,8.65e-08
1947600,1e-10
1951200,1.93e-07
1954800,1.76e-07
1958400,1e-10
1962000,1e-10
1965600,8.55e-08
1969200,4.77e-06
1972800,0.000761381
1976400,0.003108383
1980000,0.005384487
1983600,0.00826384
1987200,0.008934268
1990800,0.009653595
1994400,0.009856396
1998000,0.009474701
2001600,0.008619293
2005200,0.006422108
2008800,0.003434342
2012400,0.000625311
2016000,7.19e-07
2019600,1e-10
2023200,1e-10
2026800,1e-10
