0,0.241220259
3600,0.270008998
7200,0.250915622
10800,0.250633326
14400,0.212964499
18000,0.169811612
21600,0.100037636
25200,0.013900471
28800,6.52e-06
32400,1e-10
36000,5.32e-06
39600,2.46e-06
43200,1e-10
46800,1e-10
50400,1e-10
54000,2.21e-06
57600,1e-10
61200,1e-10
64800,1.48e-06
68400,1.5e-05
72000,0.008781804
75600,0.058299038
79200,0.085566358
82800,0.198773384
86400,0.241220259
90000,0.270008998
93600,0.250915622
97200,0.250633326
100800,0.212964499
104400,0.169811612
108000,0.100037636
111600,0.013900471
115200,6.52e-06
118800,1e-10
122400,5.32e-06
126000,2.46e-06
129600,1e-10
133200,1e-10
136800,1e-10
140400,2.21e-06
144000,1e-10
147600,1e-10
151200,1.48e-06
154800,1.5e-05
158400,0.008781804
162000,0.058299038
165600,0.085566358
169200,0.198773384
172800,0.241220259
176400,0.270008998
180000,0.250915622
183600,0.250633326
187200,0.212964499
190800,0.169811612
194400,0.100037636
198000,0.013900471
201600,6.52e-06
205200,1e-10
208800,5.32e-06
212400,2.46e-06
216000,1e-10
219600,1e-10
223200,1e-10
226800,2.21e-06
230400,1e-10
234000,1e-10
237600,1.48e-06
241200,1.5e-05
244800,0.008781804
248400,0.058299038
252000,0.085566358
255600,0.198773384
259200,0.241220259
262800,0.270008998
266400,0.250915622
270000,0.250633326
273600,0.212964499
277200,0.169811612
280800,0.100037636
284400,0.013900471
288000,6.52e-06
291600,1e-10
295200,5.32e-06
298800,2.46e-06
302400,1e-10
306000,1e-10
309600,1e-10
313200,2.21e-06
316800,1e-10
320400,1e-10
324000,1.48e-06
327600,1.5e-05
331200,0.008781804
334800,0.058299038
338400,0.085566358
342000,0.198773384
345600,0.241220259
349200,0.270008998
352800,0.250915622
356400,0.250633326
360000,0.212964499
363600,0.169811612
367200,0.100037636
370800,0.013900471
374400,6.52e-06
378000,1e-10
381600,5.32e-06
385200,2.46e-06
388800,3.37e-06
392400,1.25e-06
396000,1.96e-06
399600,1.85e-06
403200,9.8e-07
406800,1e-10
410400,2.13e-06
414000,1.97e-05
417600,0.014888444
421200,0.089248682
424800,0.177117447
428400,0.215965572
432000,0.221053897
435600,0.261068697
439200,0.251984693
442800,0.208213538
446400,0.129076464
450000,0.104274267
453600,0.047755109
457200,0.006667463
460800,2.67e-06
464400,1.96e-06
468000,4.01e-06
471600,1.87e-06
475200,3.97e-06
478800,5.59e-06
482400,2.84e-06
486000,7.2e-06
489600,1e-10
493200,1.33e-06
496800,1e-10
500400,1.5e-05
504000,0.008778649
507600,0.041370907
511200,0.132393395
514800,0.159017342
518400,0.224886855
522000,0.249657495
525600,0.268025107
529200,0.253056403
532800,0.218254408
536400,0.19525314
540000,0.114934667
543600,0.016224626
547200,1.13e-05
550800,1e-10
554400,3.57e-06
558000,5.3e-06
561600,2.8e-06
565200,3.51e-06
568800,4.53e-06
572400,8.5e-07
576000,3.03e-06
579600,1.72e-07
583200,2.91e-06
586800,4e-05
590400,0.025481535
594000,0.105667033
597600,0.203906039
601200,0.208453248
604800,0.270310156
608400,0.2881944
612000,0.281588474
615600,0.235601209
619200,0.232662052
622800,0.16995273
626400,0.115070404
630000,0.015164101
633600,5.4e-06
637200,1e-10
640800,1e-10
644400,3.67e-06
648000,2.37e-06
651600,1.07e-06
655200,1.73e-06
658800,4.34e-06
662400,7.7e-07
666000,2.73e-06
669600,4.28e-07
673200,3.05e-05
676800,0.019629033
680400,0.087365691
684000,0.138781024
687600,0.140249007
691200,0.173050167
694800,0.183932127
698400,0.196882369
702000,0.182166386
705600,0.169743874
709200,0.088987449
712800,0.060768581
716400,0.007627724
720000,4.65e-06
723600,3.83e-06
727200,1e-10
730800,3.45e-06
734400,4e-06
738000,4.96e-07
741600,1e-10
745200,2.34e-06
748800,2.31e-06
752400,5.91e-07
756000,6.1e-06
759600,1.14e-05
763200,0.005661187
766800,0.03401422
770400,0.053876612
774000,0.087640861
777600,0.120109898
781200,0.159345922
784800,0.204408931
788400,0.07620983
792000,0.066407358
795600,0.050283953
799200,0.020728807
802800,0.004696027
806400,6.59e-06
810000,1.44e-06
813600,5.83e-07
817200,3.11e-06
820800,4.58e-06
824400,2.58e-06
828000,2.93e-06
831600,5.16e-06
835200,2.77e-06
838800,5.14e-07
842400,1e-10
846000,2.44e-05
849600,0.011564496
853200,0.073426723
856800,0.230631126
860400,0.272479811
864000,0.285567122
867600,0.287153366
871200,0.279831712
874800,0.268071976
878400,0.251916346
882000,0.171215864
885600,0.086342311
889200,0.014668199
892800,1.22e-05
896400,7.01e-07
9e+05,2.76e-06
903600,2.71e-06
907200,4.01e-06
910800,1e-10
914400,1.99e-06
918000,6.49e-06
921600,5.45e-06
925200,2.84e-06
928800,1.82e-06
932400,6.63e-05
936000,0.020337103
939600,0.110160348
943200,0.211341146
946800,0.252465511
950400,0.27154359
954000,0.279487663
957600,0.279947385
961200,0.239223669
964800,0.246410046
968400,0.159406555
972000,0.103417645
975600,0.01771199
979200,1.44e-05
982800,2.25e-07
986400,4.31769230769231e-07
990000,2.15276923076923e-06
993600,2.21678571428571e-06
997200,9.18285714285714e-07
1000800,1.533e-06
1004400,2.607e-06
1008000,7.075e-07
1011600,6.89428571428571e-07
1015200,1.13710714285714e-06
1018800,5.0704e-05
1022400,0.0142997471428571
1026000,0.0722019032142857
1029600,0.138278557428571
1033200,0.199243062928571
1036800,0.230208590357143
1040400,0.247278266357143
1044000,0.247777489571429
1047600,0.221667454
1051200,0.193602984928571
1054800,0.131298767071429
1058400,0.0710805317857143
1062000,0.0115451952857143
1065600,9.84928571428571e-06
1069200,3.22357142857143e-07
1072800,4.31769230769231e-07
1076400,2.15276923076923e-06
1080000,2.21678571428571e-06
1083600,9.18285714285714e-07
1087200,1.533e-06
1090800,2.607e-06
1094400,7.075e-07
1098000,6.89428571428571e-07
1101600,1.13710714285714e-06
1105200,5.0704e-05
1108800,0.0142997471428571
1112400,0.0722019032142857
1116000,0.138278557428571
1119600,0.199243062928571
1123200,0.230208590357143
1126800,0.247278266357143
1130400,0.247777489571429
1134000,0.221667454
1137600,0.193602984928571
1141200,0.131298767071429
1144800,0.0710805317857143
1148400,0.0115451952857143
1152000,9.84928571428571e-06
1155600,3.22357142857143e-07
1159200,4.31769230769231e-07
1162800,2.15276923076923e-06
1166400,2.21678571428571e-06
1170000,9.18285714285714e-07
1173600,1.533e-06
1177200,2.607e-06
1180800,7.075e-07
1184400,6.89428571428571e-07
1188000,1.13710714285714e-06
1191600,5.0704e-05
1195200,0.0142997471428571
1198800,0.0722019032142857
1202400,0.138278557428571
1206000,0.199243062928571
1209600,0.230208590357143
1213200,0.247278266357143
1216800,0.247777489571429
1220400,0.221667454
1224000,0.193602984928571
1227600,0.131298767071429
1231200,0.0710805317857143
1234800,0.0115451952857143
1238400,9.84928571428571e-06
1242000,3.22357142857143e-07
1245600,4.31769230769231e-07
1249200,2.15276923076923e-06
1252800,2.21678571428571e-06
1256400,9.18285714285714e-07
1260000,1.533e-06
1263600,2.607e-06
1267200,7.075e-07
1270800,6.89428571428571e-07
1274400,1.13710714285714e-06
1278000,5.0704e-05
1281600,0.0142997471428571
1285200,0.0722019032142857
1288800,0.138278557428571
1292400,0.199243062928571
1296000,0.230208590357143
1299600,0.247278266357143
1303200,0.247777489571429
1306800,0.221667454
1310400,0.193602984928571
1314000,0.131298767071429
1317600,0.0710805317857143
1321200,0.0115451952857143
1324800,9.84928571428571e-06
1328400,3.22357142857143e-07
1332000,4.31769230769231e-07
1335600,2.15276923076923e-06
1339200,2.21678571428571e-06
1342800,9.18285714285714e-07
1346400,1.533e-06
1350000,2.607e-06
1353600,7.075e-07
1357200,6.89428571428571e-07
1360800,1.13710714285714e-06
1364400,5.0704e-05
1368000,0.0142997471428571
1371600,0.0722019032142857
1375200,0.138278557428571
1378800,0.199243062928571
1382400,0.230208590357143
1386000,0.247278266357143
1389600,0.247777489571429
1393200,0.221667454
1396800,0.193602984928571
1400400,0.131298767071429
1404000,0.0710805317857143
1407600,0.0115451952857143
1411200,9.84928571428571e-06
1414800,3.22357142857143e-07
1418400,4.31769230769231e-07
1422000,2.15276923076923e-06
1425600,2.21678571428571e-06
1429200,9.18285714285714e-07
1432800,1.533e-06
1436400,2.607e-06
1440000,7.075e-07
1443600,6.89428571428571e-07
1447200,1.13710714285714e-06
1450800,5.0704e-05
1454400,0.0142997471428571
1458000,0.0722019032142857
1461600,0.138278557428571
1465200,0.199243062928571
1468800,0.230208590357143
1472400,0.247278266357143
1476000,0.247777489571429
1479600,0.221667454
1483200,0.193602984928571
1486800,0.131298767071429
1490400,0.0710805317857143
1494000,0.0115451952857143
1497600,9.84928571428571e-06
1501200,3.22357142857143e-07
1504800,4.31769230769231e-07
1508400,2.15276923076923e-06
1512000,1e-10
1515600,1e-10
1519200,1e-10
1522800,1e-10
1526400,1e-10
1530000,1e-10
1533600,1e-10
1537200,4.59e-05
1540800,0.013158198
1544400,0.072142198
1548000,0.066564988
1551600,0.130361431
1555200,0.189827719
1558800,0.247186678
1562400,0.232247222
1566000,0.191164474
1569600,0.11541573
1573200,0.058995908
1576800,0.037754876
1580400,0.006954254
1584000,4.62e-06
1587600,1e-10
1591200,1e-10
1594800,1.01e-07
1598400,2.43e-06
1602000,1e-10
1605600,3.57e-06
1609200,1.54e-07
1612800,1.49e-06
1616400,2.45e-06
1620000,8.87e-07
1623600,5.51e-05
1627200,0.009333061
1630800,0.037663898
1634400,0.063729731
1638000,0.210726442
1641600,0.257304927
1645200,0.198011938
1648800,0.259940415
1652400,0.232725699
1656000,0.194031162
1659600,0.099240849
1663200,0.036103224
1666800,0.006054193
1670400,8.71e-06
1674000,2.32e-06
1677600,1e-10
1681200,2.25e-07
1684800,1.45e-06
1688400,1e-10
1692000,4.46e-06
1695600,3.23e-06
1699200,1e-10
1702800,4.85e-07
1706400,1e-10
1710000,2.37e-05
1713600,0.00688655
1717200,0.0498901
1720800,0.117352691
1724400,0.213819326
1728000,0.198065391
1731600,0.242975107
1735200,0.158657532
1738800,0.225783177
1742400,0.219524914
1746000,0.158998235
1749600,0.061462076
1753200,0.012026967
1756800,1.33e-05
1760400,3e-06
1764000,1.14e-06
1767600,1.55e-06
1771200,2.23e-07
1774800,1.27e-06
1778400,1.4e-06
1782000,1e-10
1785600,9.68e-07
1789200,1.75e-06
1792800,1e-10
1796400,0.000118383
1800000,0.019751201
1803600,0.105331489
1807200,0.167632611
1810800,0.230928022
1814400,0.261996991
1818000,0.263347296
1821600,0.264758472
1825200,0.245038088
1828800,0.221654702
1832400,0.118613617
1836000,0.060394298
1839600,0.011100826
1843200,9.23e-06
1846800,1.82e-07
1850400,2.32e-06
1854000,2.11e-06
1857600,2.25e-06
1861200,3.25e-06
1864800,4.12e-07
1868400,3.54e-06
1872000,1e-10
1875600,3.88e-06
1879200,2.58e-06
1882800,8.07e-05
1886400,0.012158408
1890000,0.051275716
1893600,0.130854639
1897200,0.227225833
1900800,0.251881085
1904400,0.256794099
1908000,0.260076066
1911600,0.226336746
1915200,0.182580015
1918800,0.101131042
1922400,0.041039395
1926000,0.007155796
1929600,1.69e-05
1933200,1.84e-06
1936800,1e-10
1940400,4.06e-06
1944000,1.77e-06
1947600,1e-10
1951200,4.02e-06
1954800,3.66e-06
1958400,1e-10
1962000,1e-10
1965600,1.62e-06
1969200,0.000163773
1972800,0.023786791
1976400,0.094970602
1980000,0.156151997
1983600,0.241297091
1987200,0.256102208
1990800,0.274731943
1994400,0.279620854
1998000,0.269119835
2001600,0.249800219
2005200,0.192017518
2008800,0.109318416
2012400,0.021680097
2016000,2.14e-05
2019600,1e-10
2023200,1e-10
2026800,1e-10
