0,0.175607117
3600,0.196683629
7200,0.181684099
10800,0.182436319
14400,0.15659013
18000,0.128719539
21600,0.081503569
25200,0.011414084
28800,5.08e-06
32400,1e-10
36000,3.25e-06
39600,1.52e-06
43200,1e-10
46800,1e-10
50400,1e-10
54000,1.37e-06
57600,1e-10
61200,1e-10
64800,8.75e-07
68400,1.04e-05
72000,0.006626761
75600,0.042086968
79200,0.062603394
82800,0.146868166
86400,0.175607117
90000,0.196683629
93600,0.181684099
97200,0.182436319
100800,0.15659013
104400,0.128719539
108000,0.081503569
111600,0.011414084
115200,5.08e-06
118800,1e-10
122400,3.25e-06
126000,1.52e-06
129600,1e-10
133200,1e-10
136800,1e-10
140400,1.37e-06
144000,1e-10
147600,1e-10
151200,8.75e-07
154800,1.04e-05
158400,0.006626761
162000,0.042086968
165600,0.062603394
169200,0.146868166
172800,0.175607117
176400,0.196683629
180000,0.181684099
183600,0.182436319
187200,0.15659013
190800,0.128719539
194400,0.081503569
198000,0.011414084
201600,5.08e-06
205200,1e-10
208800,3.25e-06
212400,1.52e-06
216000,1e-10
219600,1e-10
223200,1e-10
226800,1.37e-06
230400,1e-10
234000,1e-10
237600,8.75e-07
241200,1.04e-05
244800,0.006626761
248400,0.042086968
252000,0.062603394
255600,0.146868166
259200,0.175607117
262800,0.196683629
266400,0.181684099
270000,0.182436319
273600,0.15659013
277200,0.128719539
280800,0.081503569
284400,0.011414084
288000,5.08e-06
291600,1e-10
295200,3.25e-06
298800,1.52e-06
302400,1e-10
306000,1e-10
309600,1e-10
313200,1.37e-06
316800,1e-10
320400,1e-10
324000,8.75e-07
327600,1.04e-05
331200,0.006626761
334800,0.042086968
338400,0.062603394
342000,0.146868166
345600,0.175607117
349200,0.196683629
352800,0.181684099
356400,0.182436319
360000,0.15659013
363600,0.128719539
367200,0.081503569
370800,0.011414084
374400,5.08e-06
378000,1e-10
381600,3.25e-06
385200,1.52e-06
388800,2.07e-06
392400,7.83e-07
396000,1.19e-06
399600,1.14e-06
403200,5.62e-07
406800,1e-10
410400,1.28e-06
414000,1.5e-05
417600,0.010690414
421200,0.069463731
424800,0.136945384
428400,0.162000894
432000,0.161942145
435600,0.191459972
439200,0.185151699
442800,0.153240512
446400,0.093428513
450000,0.077041463
453600,0.035769909
457200,0.004663151
460800,1.83e-06
464400,1.18e-06
468000,2.45e-06
471600,1.14e-06
475200,2.43e-06
478800,3.45e-06
482400,1.77e-06
486000,4.42e-06
489600,1e-10
493200,7.96e-07
496800,1e-10
500400,8.86e-06
504000,0.00587583
507600,0.028949371
511200,0.098987306
514800,0.115433933
518400,0.162457884
522000,0.18104238
525600,0.195801896
529200,0.185734909
532800,0.160500818
536400,0.148784714
540000,0.094665203
543600,0.013604829
547200,8.2e-06
550800,1e-10
554400,2.19e-06
558000,3.27e-06
561600,1.75e-06
565200,2.19e-06
568800,2.82e-06
572400,5.41e-07
576000,1.85e-06
579600,7.67e-08
583200,1.76e-06
586800,3.35e-05
590400,0.021961198
594000,0.08088742
597600,0.153229694
601200,0.149852533
604800,0.195211908
608400,0.206504081
612000,0.20210166
615600,0.166448246
619200,0.167156608
622800,0.124013909
626400,0.090432636
630000,0.011132488
633600,3.21e-06
637200,1e-10
640800,1e-10
644400,2.25e-06
648000,1.46e-06
651600,6.58e-07
655200,1.08e-06
658800,2.7e-06
662400,4.84e-07
666000,1.7e-06
669600,2.85e-07
673200,2.01e-05
676800,0.014280552
680400,0.064706248
684000,0.101261662
687600,0.09983245
691200,0.123322024
694800,0.131029794
698400,0.140335208
702000,0.13054601
705600,0.121614368
709200,0.063296277
712800,0.044153955
716400,0.004939083
720000,2.64e-06
723600,2.37e-06
727200,1e-10
730800,2.12e-06
734400,2.45e-06
738000,2.87e-07
741600,1e-10
745200,1.4e-06
748800,1.42e-06
752400,3.86e-07
756000,3.77e-06
759600,6.22e-06
763200,0.003800301
766800,0.023956406
770400,0.038086423
774000,0.062196011
777600,0.085288772
781200,0.113939631
784800,0.146477471
788400,0.053700565
792000,0.046798947
795600,0.035436513
799200,0.014500794
802800,0.003190881
806400,3.96e-06
810000,8.9e-07
813600,3.47e-07
817200,1.91e-06
820800,2.81e-06
824400,1.59e-06
828000,1.78e-06
831600,3.19e-06
835200,1.67e-06
838800,2.59e-07
842400,1e-10
846000,1.37e-05
849600,0.007620253
853200,0.052842046
856800,0.171535269
860400,0.197137466
864000,0.204311724
867600,0.204192726
871200,0.199059653
874800,0.190474407
878400,0.180818445
882000,0.123118437
885600,0.06417646
889200,0.011031831
892800,8.22e-06
896400,4.44e-07
9e+05,1.72e-06
903600,1.68e-06
907200,2.47e-06
910800,1e-10
914400,1.22e-06
918000,4.04e-06
921600,3.37e-06
925200,1.72e-06
928800,1.06e-06
932400,4.65e-05
936000,0.01666072
939600,0.082888332
943200,0.155999908
946800,0.181915784
950400,0.193923806
954000,0.199359394
957600,0.199594079
961200,0.169156853
964800,0.177999328
968400,0.116383772
972000,0.082078363
975600,0.014148372
979200,9.56e-06
982800,1.61e-07
986400,2.76923076923077e-07
990000,1.33842307692308e-06
993600,1.37607142857143e-06
997200,5.82571428571429e-07
1000800,9.59928571428571e-07
1004400,1.62121428571429e-06
1008000,4.36764285714286e-07
1011600,4.23907142857143e-07
1015200,6.8905e-07
1018800,3.73572142857143e-05
1022400,0.0107784418571429
1026000,0.0540854715
1029600,0.102534887
1033200,0.146189471214286
1036800,0.167016408285714
1040400,0.179068870285714
1044000,0.179501686142857
1047600,0.160630578285714
1051200,0.141246305142857
1054800,0.0970711158571429
1058400,0.0550199495
1062000,0.00884919492857143
1065600,6.57285714285714e-06
1069200,2.02928571428571e-07
1072800,2.76923076923077e-07
1076400,1.33842307692308e-06
1080000,1.37607142857143e-06
1083600,5.82571428571429e-07
1087200,9.59928571428571e-07
1090800,1.62121428571429e-06
1094400,4.36764285714286e-07
1098000,4.23907142857143e-07
1101600,6.8905e-07
1105200,3.73572142857143e-05
1108800,0.0107784418571429
1112400,0.0540854715
1116000,0.102534887
1119600,0.146189471214286
1123200,0.167016408285714
1126800,0.179068870285714
1130400,0.179501686142857
1134000,0.160630578285714
1137600,0.141246305142857
1141200,0.0970711158571429
1144800,0.0550199495
1148400,0.00884919492857143
1152000,6.57285714285714e-06
1155600,2.02928571428571e-07
1159200,2.76923076923077e-07
1162800,1.33842307692308e-06
1166400,1.37607142857143e-06
1170000,5.82571428571429e-07
1173600,9.59928571428571e-07
1177200,1.62121428571429e-06
1180800,4.36764285714286e-07
1184400,4.23907142857143e-07
1188000,6.8905e-07
1191600,3.73572142857143e-05
1195200,0.0107784418571429
1198800,0.0540854715
1202400,0.102534887
1206000,0.146189471214286
1209600,0.167016408285714
1213200,0.179068870285714
1216800,0.179501686142857
1220400,0.160630578285714
1224000,0.141246305142857
1227600,0.0970711158571429
1231200,0.0550199495
1234800,0.00884919492857143
1238400,6.57285714285714e-06
1242000,2.02928571428571e-07
1245600,2.76923076923077e-07
1249200,1.33842307692308e-06
1252800,1.37607142857143e-06
1256400,5.82571428571429e-07
1260000,9.59928571428571e-07
1263600,1.62121428571429e-06
1267200,4.36764285714286e-07
1270800,4.23907142857143e-07
1274400,6.8905e-07
1278000,3.73572142857143e-05
1281600,0.0107784418571429
1285200,0.0540854715
1288800,0.102534887
1292400,0.146189471214286
1296000,0.167016408285714
1299600,0.179068870285714
1303200,0.179501686142857
1306800,0.160630578285714
1310400,0.141246305142857
1314000,0.0970711158571429
1317600,0.0550199495
1321200,0.00884919492857143
1324800,6.57285714285714e-06
1328400,2.02928571428571e-07
1332000,2.76923076923077e-07
1335600,1.33842307692308e-06
1339200,1.37607142857143e-06
1342800,5.82571428571429e-07
1346400,9.59928571428571e-07
1350000,1.62121428571429e-06
1353600,4.36764285714286e-07
1357200,4.23907142857143e-07
1360800,6.8905e-07
1364400,3.73572142857143e-05
1368000,0.0107784418571429
1371600,0.0540854715
1375200,0.102534887
1378800,0.146189471214286
1382400,0.167016408285714
1386000,0.179068870285714
1389600,0.179501686142857
1393200,0.160630578285714
1396800,0.141246305142857
1400400,0.0970711158571429
1404000,0.0550199495
1407600,0.00884919492857143
1411200,6.57285714285714e-06
1414800,2.02928571428571e-07
1418400,2.76923076923077e-07
1422000,1.33842307692308e-06
1425600,1.37607142857143e-06
1429200,5.82571428571429e-07
1432800,9.59928571428571e-07
1436400,1.62121428571429e-06
1440000,4.36764285714286e-07
1443600,4.23907142857143e-07
1447200,6.8905e-07
1450800,3.73572142857143e-05
1454400,0.0107784418571429
1458000,0.0540854715
1461600,0.102534887
1465200,0.146189471214286
1468800,0.167016408285714
1472400,0.179068870285714
1476000,0.179501686142857
1479600,0.160630578285714
1483200,0.141246305142857
1486800,0.0970711158571429
1490400,0.0550199495
1494000,0.00884919492857143
1497600,6.57285714285714e-06
1501200,2.02928571428571e-07
1504800,2.76923076923077e-07
1508400,1.33842307692308e-06
1512000,1e-10
1515600,1e-10
1519200,1e-10
1522800,1e-10
1526400,1e-10
1530000,1e-10
1533600,1e-10
1537200,3.15e-05
1540800,0.009225786
1544400,0.056781085
1548000,0.049776841
1551600,0.098164352
1555200,0.138524048
1558800,0.181312991
1562400,0.170706219
1566000,0.139762457
1569600,0.084263324
1573200,0.042763328
1576800,0.027939163
1580400,0.004946317
1584000,2.52e-06
1587600,1e-10
1591200,1e-10
1594800,9.05e-08
1598400,1.53e-06
1602000,1e-10
1605600,2.23e-06
1609200,1.04e-07
1612800,9.55e-07
1616400,1.55e-06
1620000,5.76e-07
1623600,3.44e-05
1627200,0.007504694
1630800,0.027940395
1634400,0.045172026
1638000,0.155776896
1641600,0.189279042
1645200,0.143823831
1648800,0.189788872
1652400,0.170471476
1656000,0.143361551
1659600,0.072535817
1663200,0.026311495
1666800,0.004363872
1670400,5.46e-06
1674000,1.46e-06
1677600,1e-10
1681200,1.69e-07
1684800,9.38e-07
1688400,1e-10
1692000,2.8e-06
1695600,2.03e-06
1699200,1e-10
1702800,3.37e-07
1706400,1e-10
1710000,1.62e-05
1713600,0.004523369
1717200,0.035169543
1720800,0.087235392
1724400,0.160321493
1728000,0.144875911
1731600,0.179154464
1735200,0.115591711
1738800,0.166843291
1742400,0.163874624
1746000,0.121626585
1749600,0.047606407
1753200,0.009284766
1756800,8.97e-06
1760400,1.88e-06
1764000,7.41e-07
1767600,1e-06
1771200,1.65e-07
1774800,8.29e-07
1778400,9.13e-07
1782000,1e-10
1785600,6.31e-07
1789200,1.13e-06
1792800,1e-10
1796400,8.68e-05
1800000,0.015564722
1803600,0.083872779
1807200,0.127065127
1810800,0.172437377
1814400,0.193606355
1818000,0.192864134
1821600,0.19474727
1825200,0.180203778
1828800,0.165306747
1832400,0.088747562
1836000,0.046430639
1839600,0.007808496
1843200,5.07e-06
1846800,1.61e-07
1850400,1.47e-06
1854000,1.35e-06
1857600,1.42e-06
1861200,2.06e-06
1864800,2.94e-07
1868400,2.24e-06
1872000,1e-10
1875600,2.45e-06
1879200,1.62e-06
1882800,5.74e-05
1886400,0.008422049
1890000,0.03627498
1893600,0.095251204
1897200,0.168491673
1900800,0.18475719
1904400,0.187265315
1908000,0.190588183
1911600,0.166568036
1915200,0.134486981
1918800,0.074550299
1922400,0.029673857
1926000,0.004795928
1929600,1.09e-05
1933200,1.12e-06
1936800,1e-10
1940400,2.54e-06
1944000,1.14e-06
1947600,1e-10
1951200,2.53e-06
1954800,2.31e-06
1958400,1e-10
1962000,1e-10
1965600,9.54e-07
1969200,0.000142421
1972800,0.018141537
1976400,0.071377297
1980000,0.112338788
1983600,0.176223569
1987200,0.18512179
1990800,0.198331842
1994400,0.201395586
1998000,0.193241237
2001600,0.181247888
2005200,0.141977407
2008800,0.085036843
2012400,0.018564631
2016000,1.64e-05
2019600,1e-10
2023200,1e-10
2026800,1e-10
